# eigen_gemv_neon grid
# gemv eigen-neon f32
    16      1       25.0     1.3 
    16      2       25.3     2.5 
    16      4       26.7     4.8 
    16      8       28.2     9.1 
    16     16       38.4    13.3 
    16     32       57.5    17.8 
    16     64       88.3    23.2 
    16    128      120.0    34.1 
    16    256      213.9    38.3 
    16   1024      781.8    41.9 
    16   4096     4185.9    31.3 
    32      1       25.5     2.5 
    32      2       25.9     4.9 
    32      4       27.0     9.5 
    32      8       28.7    17.9 
    32     16       36.4    28.1 
    32     32       55.6    36.9 
    32     64       94.2    43.5 
    32    128      168.8    48.5 
    32    256      306.4    53.5 
    32   1024     1433.9    45.7 
    32   4096     7083.2    37.0 
    64      1       26.7     4.8 
    64      2       27.3     9.4 
    64      4       29.1    17.6 
    64      8       40.4    25.4 
    64     16       58.9    34.8 
    64     32       93.6    43.8 
    64     64      164.8    49.7 
    64    128      302.3    54.2 
    64    256      579.2    56.6 
    64   1024     3844.7    34.1 
    64   4096    15317.2    34.2 
    96      1       27.9     6.9 
    96      2       29.2    13.2 
    96      4       34.8    22.1 
    96      8       50.2    30.6 
    96     16       76.3    40.3 
    96     32      127.2    48.3 
    96     64      233.2    52.7 
    96    128      425.3    57.8 
    96    256      820.3    59.9 
    96   1024     5778.5    34.0 
    96   4096    23007.8    34.2 
   128      1       29.1     8.8 
   128      2       30.6    16.7 
   128      4       42.1    24.3 
   128      8       59.4    34.5 
   128     16       92.9    44.1 
   128     32      160.0    51.2 
   128     64      300.9    54.4 
   128    128      565.6    57.9 
   128    256     1297.5    50.5 
   128   1024     7918.1    33.1 
   128   4096    31524.6    33.3 
   192      1       32.6    11.8 
   192      2       40.4    19.0 
   192      4       53.5    28.7 
   192      8       78.2    39.3 
   192     16      127.0    48.4 
   192     32      227.5    54.0 
   192     64      438.0    56.1 
   192    128      836.7    58.7 
   192    256     2963.8    33.2 
   192   1024    11891.7    33.1 
   192   4096    47943.2    32.8 
   256      1       38.0    13.5 
   256      2       47.1    21.7 
   256      4       63.0    32.5 
   256      8       94.9    43.2 
   256     16      159.5    51.4 
   256     32      292.6    56.0 
   256     64      574.1    57.1 
   256    128     1420.3    46.1 
   256    256     3726.3    35.2 
   256   1024    15068.2    34.8 
   256   4096    60714.9    34.5 
   512      1       57.9    17.7 
   512      2       72.6    28.2 
   512      4      102.5    39.9 
   512      8      164.9    49.7 
   512     16      291.0    56.3 
   512     32      557.3    58.8 
   512     64     1191.2    55.0 
   512    128     3630.1    36.1 
   512    256     7328.1    35.8 
   512   1024    29764.6    35.2 
   512   4096   120414.9    34.8 
  1024      1       97.6    21.0 
  1024      2      126.8    32.3 
  1024      4      187.4    43.7 
  1024      8      314.0    52.2 
  1024     16      568.4    57.6 
  1024     32     1745.5    37.5 
  1024     64     4434.7    29.6 
  1024    128     7328.0    35.8 
  1024    256    14472.1    36.2 
  1024   1024    57904.9    36.2 
  1024   4096   343243.6    24.4 
  2048      1      178.8    22.9 
  2048      2      239.6    34.2 
  2048      4      352.2    46.5 
  2048      8      605.3    54.1 
  2048     16     1899.4    34.5 
  2048     32     4498.7    29.1 
  2048     64     9177.4    28.6 
  2048    128    15637.5    33.5 
  2048    256    31323.7    33.5 
  2048   1024   126117.7    33.3 
  2048   4096  1016000.0    16.5 
  4096      1      341.8    24.0 
  4096      2      458.4    35.7 
  4096      4      683.5    47.9 
  4096      8     1629.0    40.2 
  4096     16     5293.9    24.8 
  4096     32     9834.3    26.7 
  4096     64    19165.1    27.4 
  4096    128    44453.0    23.6 
  4096    256    89747.4    23.4 
  4096   1024   378391.5    22.2 
  4096   4096  2158650.0    15.5 
  8192      1      657.3    24.9 
  8192      2      879.4    37.3 
  8192      4     3275.9    20.0 
  8192      8     4149.4    31.6 
  8192     16    11117.2    23.6 
  8192     32    19644.1    26.7 
  8192     64    38295.3    27.4 
  8192    128    91491.2    22.9 
  8192    256   183250.0    22.9 
  8192   1024   999805.6    16.8 
  8192   4096  4235791.8    15.8 
