# eigen_gemv_amx grid
# gemv eigen-amx f32
    16      1       26.1     1.2 
    16      2       26.2     2.4 
    16      4       26.7     4.8 
    16      8       27.9     9.2 
    16     16       38.5    13.3 
    16     32       57.5    17.8 
    16     64       81.5    25.1 
    16    128      123.2    33.2 
    16    256      225.1    36.4 
    16   1024      834.7    39.3 
    16   4096     4424.4    29.6 
    32      1       26.4     2.4 
    32      2       26.6     4.8 
    32      4       27.5     9.3 
    32      8       29.1    17.6 
    32     16       37.5    27.3 
    32     32       56.1    36.5 
    32     64       94.8    43.2 
    32    128      170.9    47.9 
    32    256      318.1    51.5 
    32   1024     1470.3    44.6 
    32   4096     7122.3    36.8 
    64      1       27.6     4.6 
    64      2       28.3     9.1 
    64      4       30.2    16.9 
    64      8       41.2    24.9 
    64     16       59.9    34.2 
    64     32       95.9    42.7 
    64     64      166.3    49.3 
    64    128      308.0    53.2 
    64    256      606.7    54.0 
    64   1024     3865.6    33.9 
    64   4096    15288.4    34.3 
    96      1       29.0     6.6 
    96      2       30.1    12.7 
    96      4       36.2    21.2 
    96      8       51.0    30.1 
    96     16       77.3    39.7 
    96     32      128.0    48.0 
    96     64      234.1    52.5 
    96    128      441.0    55.7 
    96    256      869.7    56.5 
    96   1024     5787.4    34.0 
    96   4096    23045.3    34.1 
   128      1       30.1     8.5 
   128      2       33.1    15.5 
   128      4       43.5    23.6 
   128      8       61.1    33.5 
   128     16       94.6    43.3 
   128     32      162.5    50.4 
   128     64      306.5    53.5 
   128    128      595.6    55.0 
   128    256     1363.4    48.1 
   128   1024     7866.4    33.3 
   128   4096    31603.3    33.2 
   192      1       34.1    11.3 
   192      2       42.1    18.3 
   192      4       58.8    26.1 
   192      8       80.2    38.3 
   192     16      131.3    46.8 
   192     32      235.0    52.3 
   192     64      453.2    54.2 
   192    128      881.0    55.8 
   192    256     3164.7    31.1 
   192   1024    10241.0    38.4 
   192   4096    40619.4    38.7 
   256      1       40.2    12.7 
   256      2       48.6    21.1 
   256      4       64.6    31.7 
   256      8       98.7    41.5 
   256     16      165.5    49.5 
   256     32      304.7    53.8 
   256     64      590.1    55.5 
   256    128     2059.9    31.8 
   256    256     4220.8    31.1 
   256   1024     9095.8    57.6 
   256   4096    54011.9    38.8 
   512      1       60.0    17.1 
   512      2       75.3    27.2 
   512      4      107.1    38.2 
   512      8      173.0    47.4 
   512     16      307.4    53.3 
   512     32      583.8    56.1 
   512     64     1220.3    53.7 
   512    128     2519.1    52.0 
   512    256     3987.0    65.7 
   512   1024    16182.3    64.8 
   512   4096    63450.0    66.1 
  1024      1      100.0    20.5 
  1024      2      131.4    31.2 
  1024      4      195.0    42.0 
  1024      8      327.3    50.1 
  1024     16      591.1    55.4 
  1024     32     1198.0    54.7 
  1024     64     1920.5    68.2 
  1024    128     3365.3    77.9 
  1024    256     6291.1    83.3 
  1024   1024    21820.9    96.1 
  1024   4096   132052.1    63.5 
  2048      1      179.4    22.8 
  2048      2      248.2    33.0 
  2048      4      366.2    44.7 
  2048      8      629.8    52.0 
  2048     16     1279.6    51.2 
  2048     32     1948.9    67.3 
  2048     64     3318.7    79.0 
  2048    128     6222.5    84.3 
  2048    256    10883.0    96.4 
  2048   1024    41104.1   102.0 
  2048   4096   558738.4    30.0 
  4096      1      340.5    24.1 
  4096      2      471.8    34.7 
  4096      4      707.1    46.3 
  4096      8     1407.8    46.6 
  4096     16     2066.1    63.4 
  4096     32     3396.4    77.2 
  4096     64     5998.0    87.4 
  4096    128    11196.0    93.7 
  4096    256    21223.1    98.8 
  4096   1024   133349.7    62.9 
  4096   4096  2194204.1    15.3 
  8192      1      662.9    24.7 
  8192      2      921.8    35.5 
  8192      4     1618.9    40.5 
  8192      8     2302.5    56.9 
  8192     16     3636.4    72.1 
  8192     32     6247.7    83.9 
  8192     64    11174.6    93.8 
  8192    128    20873.4   100.5 
  8192    256    39376.8   106.5 
  8192   1024   649103.5    25.8 
  8192   4096  4088833.4    16.4 
