# eigen_gemv_neon grid f64
# gemv eigen-neon f64
    16      1       25.6     1.3 
    16      2       25.6     2.5 
    16      4       26.4     4.8 
    16      8       28.4     9.0 
    16     16       36.3    14.1 
    16     32       55.3    18.5 
    16     64       93.5    21.9 
    16    128      167.2    24.5 
    16    256      308.9    26.5 
    16   1024     1712.4    19.1 
    16   4096     7210.1    18.2 
    32      1       30.0     2.1 
    32      2       27.3     4.7 
    32      4       28.9     8.9 
    32      8       37.2    13.8 
    32     16       57.9    17.7 
    32     32       92.6    22.1 
    32     64      163.1    25.1 
    32    128      306.2    26.8 
    32    256      591.9    27.7 
    32   1024     3918.1    16.7 
    32   4096    15514.7    16.9 
    64      1       29.2     4.4 
    64      2       30.6     8.4 
    64      4       41.5    12.3 
    64      8       58.7    17.5 
    64     16       91.7    22.3 
    64     32      157.3    26.0 
    64     64      296.2    27.7 
    64    128      574.1    28.5 
    64    256     1365.6    24.0 
    64   1024     7917.0    16.6 
    64   4096    31570.3    16.6 
    96      1       31.6     6.1 
    96      2       39.4     9.8 
    96      4       52.5    14.6 
    96      8       76.7    20.0 
    96     16      125.5    24.5 
    96     32      223.9    27.4 
    96     64      435.4    28.2 
    96    128      865.4    28.4 
    96    256     2991.3    16.4 
    96   1024    11941.2    16.5 
    96   4096    48743.7    16.1 
   128      1       37.5     6.8 
   128      2       46.3    11.1 
   128      4       62.3    16.4 
   128      8       94.2    21.7 
   128     16      159.8    25.6 
   128     32      291.3    28.1 
   128     64      576.2    28.4 
   128    128     1465.7    22.4 
   128    256     3730.8    17.6 
   128   1024    15028.5    17.4 
   128   4096    60131.3    17.4 
   192      1       47.2     8.1 
   192      2       59.1    13.0 
   192      4       83.4    18.4 
   192      8      132.3    23.2 
   192     16      229.6    26.8 
   192     32      427.0    28.8 
   192     64      857.9    28.6 
   192    128     2890.1    17.0 
   192    256     5761.5    17.1 
   192   1024    23134.2    17.0 
   192   4096    93402.5    16.8 
   256      1       56.8     9.0 
   256      2       72.8    14.1 
   256      4      104.3    19.6 
   256      8      169.8    24.1 
   256     16      300.9    27.2 
   256     32      559.2    29.3 
   256     64     1230.2    26.6 
   256    128     3723.9    17.6 
   256    256     7432.3    17.6 
   256   1024    30012.0    17.5 
   256   4096   120043.7    17.5 
   512      1       97.5    10.5 
   512      2      128.9    15.9 
   512      4      190.0    21.6 
   512      8      319.8    25.6 
   512     16      581.1    28.2 
   512     32     1752.2    18.7 
   512     64     4162.6    15.7 
   512    128     7201.0    18.2 
   512    256    14421.4    18.2 
   512   1024    57617.5    18.2 
   512   4096   370452.2    11.3 
  1024      1      176.3    11.6 
  1024      2      243.1    16.8 
  1024      4      357.3    22.9 
  1024      8      614.4    26.7 
  1024     16     1894.7    17.3 
  1024     32     5040.1    13.0 
  1024     64     9695.5    13.5 
  1024    128    15653.2    16.7 
  1024    256    31274.1    16.8 
  1024   1024   126243.7    16.6 
  1024   4096   958353.1     8.8 
  2048      1      363.9    11.3 
  2048      2      480.9    17.0 
  2048      4      713.4    23.0 
  2048      8     1738.8    18.8 
  2048     16     5390.2    12.2 
  2048     32     9945.0    13.2 
  2048     64    19320.0    13.6 
  2048    128    44783.0    11.7 
  2048    256    89285.7    11.7 
  2048   1024   375624.2    11.2 
  2048   4096  2097650.0     8.0 
  4096      1      680.8    12.0 
  4096      2      939.3    17.4 
  4096      4     3352.2     9.8 
  4096      8     4171.1    15.7 
  4096     16    10918.0    12.0 
  4096     32    19601.8    13.4 
  4096     64    38478.3    13.6 
  4096    128    88920.6    11.8 
  4096    256   179571.1    11.7 
  4096   1024   953506.0     8.8 
  4096   4096  4296208.4     7.8 
  8192      1     1443.0    11.4 
  8192      2     3079.0    10.6 
  8192      4     4500.0    14.6 
  8192      8     8769.6    14.9 
  8192     16    22406.7    11.7 
  8192     32    39359.2    13.3 
  8192     64    78544.8    13.4 
  8192    128   185683.6    11.3 
  8192    256   391946.3    10.7 
  8192   1024  1916333.3     8.8 
  8192   4096  7868652.7     8.5 
