# eigen_gemv_amx grid f64
# gemv eigen-amx f64
    16      1       26.4     1.2 
    16      2       26.7     2.4 
    16      4       27.5     4.6 
    16      8       29.1     8.8 
    16     16       37.5    13.6 
    16     32       56.4    18.2 
    16     64       96.1    21.3 
    16    128      175.2    23.4 
    16    256      326.5    25.1 
    16   1024     1760.6    18.6 
    16   4096     7473.1    17.5 
    32      1       27.8     2.3 
    32      2       28.5     4.5 
    32      4       30.1     8.5 
    32      8       39.0    13.1 
    32     16       60.0    17.1 
    32     32       96.6    21.2 
    32     64      171.3    23.9 
    32    128      324.5    25.2 
    32    256      629.1    26.0 
    32   1024     4068.5    16.1 
    32   4096    15997.3    16.4 
    64      1       30.6     4.2 
    64      2       33.3     7.7 
    64      4       44.1    11.6 
    64      8       62.1    16.5 
    64     16       97.7    21.0 
    64     32      167.5    24.5 
    64     64      317.5    25.8 
    64    128      614.5    26.7 
    64    256     1450.7    22.6 
    64   1024     8312.0    15.8 
    64   4096    32469.5    16.1 
    96      1       34.8     5.5 
    96      2       43.1     8.9 
    96      4       56.1    13.7 
    96      8       81.8    18.8 
    96     16      134.2    22.9 
    96     32      238.6    25.7 
    96     64      460.5    26.7 
    96    128      901.8    27.3 
    96    256     4143.5    11.9 
    96   1024     9482.5    20.7 
    96   4096    29618.1    26.6 
   128      1       40.3     6.4 
   128      2       49.7    10.3 
   128      4       66.4    15.4 
   128      8      101.1    20.3 
   128     16      170.4    24.0 
   128     32      308.5    26.6 
   128     64      605.4    27.1 
   128    128     2200.9    14.9 
   128    256     4393.5    14.9 
   128   1024    10381.3    25.3 
   128   4096    33191.5    31.6 
   192      1       49.2     7.8 
   192      2       63.9    12.0 
   192      4       89.2    17.2 
   192      8      140.1    21.9 
   192     16      242.5    25.3 
   192     32      447.8    27.4 
   192     64      898.7    27.3 
   192    128     2377.6    20.7 
   192    256     4744.1    20.7 
   192   1024    11912.3    33.0 
   192   4096    37688.1    41.7 
   256      1       59.0     8.7 
   256      2       75.6    13.5 
   256      4      107.0    19.1 
   256      8      174.6    23.5 
   256     16      308.3    26.6 
   256     32      576.2    28.4 
   256     64     1353.2    24.2 
   256    128     2666.1    24.6 
   256    256     5267.2    24.9 
   256   1024    13685.4    38.3 
   256   4096    48508.1    43.2 
   512      1       98.5    10.4 
   512      2      133.9    15.3 
   512      4      196.2    20.9 
   512      8      327.1    25.0 
   512     16      594.7    27.5 
   512     32     1177.6    27.8 
   512     64     2037.2    32.2 
   512    128     4000.3    32.8 
   512    256     7820.5    33.5 
   512   1024    24133.3    43.4 
   512   4096   128480.5    32.6 
  1024      1      181.7    11.3 
  1024      2      248.3    16.5 
  1024      4      369.6    22.2 
  1024      8      636.9    25.7 
  1024     16     1279.1    25.6 
  1024     32     1962.9    33.4 
  1024     64     3450.8    38.0 
  1024    128     6583.3    39.8 
  1024    256    12874.7    40.7 
  1024   1024    41845.7    50.1 
  1024   4096   580352.4    14.5 
  2048      1      344.5    11.9 
  2048      2      475.7    17.2 
  2048      4      714.2    22.9 
  2048      8     1400.5    23.4 
  2048     16     2108.7    31.1 
  2048     32     3420.1    38.3 
  2048     64     6143.8    42.7 
  2048    128    11862.8    44.2 
  2048    256    22569.8    46.5 
  2048   1024   137236.3    30.6 
  2048   4096  2146212.5     7.8 
  4096      1      677.5    12.1 
  4096      2      931.0    17.6 
  4096      4     1711.7    19.1 
  4096      8     2340.3    28.0 
  4096     16     3662.5    35.8 
  4096     32     6288.5    41.7 
  4096     64    11387.6    46.0 
  4096    128    21363.4    49.1 
  4096    256    40788.4    51.4 
  4096   1024   727723.2    11.5 
  4096   4096  4419558.4     7.6 
  8192      1     1352.1    12.1 
  8192      2     2194.2    14.9 
  8192      4     2814.4    23.3 
  8192      8     4171.7    31.4 
  8192     16     6815.5    38.5 
  8192     32    11988.0    43.7 
  8192     64    21373.1    49.1 
  8192    128    40006.7    52.4 
  8192    256   133701.9    31.4 
  8192   1024  2149170.9     7.8 
  8192   4096  7975889.0     8.4 
