# 2026-10-01 21:47:16 load before: { 2.47 2.44 2.33 } VECLIB_MAXIMUM_THREADS=1
# all col accel f32 beta=1
 0   512   512   512   1764
 0  1000  1000  1000   1759
 0  1024  1024  1024   1643
 0  2048  2048  2048   1556
 0  3000  3000  3000   1510
 0  4096  4096  4096   1520
 1    64  2112  7168    904
 2    64 24576  1536    965
 3    64 32768   512    874
 4    64  7168 16384    870
 5    64  4096  7168    874
 6    64  7168  2048    981
 7   128  2112  7168   1214
 8   128 24576  1536   1225
 9   128 32768   512   1078
10   128  7168 16384   1162
11   128  4096  7168   1163
12   128  7168  2048   1220
13  4096  2112  7168   1459
14  4096 24576  1536   1474
15  4096 32768   512   1236
16  4096  7168 16384   1513
17  4096  4096  7168   1494
18  4096  7168  2048   1543
19  4096   256  4096   1215
20 11008   256  4096   1410
21  4096   256 11008   1139
22  5120   256  5120   1161
23 13824   256  5120   1340
24  5120   256 13824   1168
# load after: { 2.12 2.36 2.30 } other benchmarks seen: 0
