# 2026-10-01 21:51:01 load before: { 2.63 2.41 2.32 } VECLIB_MAXIMUM_THREADS=1
# small row accel f32 beta=0
 0     4     4     4      4
 0     8     8     8     16
 0    12    12    12     20
 0    16    16    16     44
 0    24    24    24     94
 0    32    32    32    309
 0    48    48    48    576
 0    64    64    64   1017
 0    96    96    96   1367
 0   128   128   128   1541
 0   192   192   192   1674
 0   256   256   256   1769
 0   384   384   384   1845
# load after: { 2.66 2.42 2.33 } other benchmarks seen: 0
