# 2026-10-01 21:54:24 load before: { 3.16 2.66 2.43 } VECLIB_MAXIMUM_THREADS=1
# grid512 col accel f32 beta=1
 0     4     4   512     32
 0     4     8   512     32
 0     4    16   512     46
 0     4    32   512     71
 0     4    64   512     84
 0     4   128   512     89
 0     4   256   512    102
 0     4   512   512    109
 0     4  1024   512    113
 0     4  2048   512    115
 0     4  4096   512    115
 0     8     4   512     32
 0     8     8   512     41
 0     8    16   512     95
 0     8    32   512    144
 0     8    64   512    170
 0     8   128   512    181
 0     8   256   512    206
 0     8   512   512    221
 0     8  1024   512    229
 0     8  2048   512    233
 0     8  4096   512    234
 0    16     4   512     59
 0    16     8   512    117
 0    16    16   512    278
 0    16    32   512    405
 0    16    64   512    439
 0    16   128   512    461
 0    16   256   512    470
 0    16   512   512    475
 0    16  1024   512    480
 0    16  2048   512    479
 0    16  4096   512    479
 0    32     4   512    118
 0    32     8   512    232
 0    32    16   512    552
 0    32    32   512    797
 0    32    64   512    861
 0    32   128   512    898
 0    32   256   512    921
 0    32   512   512    936
 0    32  1024   512    941
 0    32  2048   512    941
 0    32  4096   512    941
 0    64     4   512    231
 0    64     8   512    459
 0    64    16   512   1083
 0    64    32   512   1122
 0    64    64   512   1188
 0    64   128   512   1227
 0    64   256   512   1246
 0    64   512   512   1255
 0    64  1024   512   1264
 0    64  2048   512   1265
 0    64  4096   512   1266
 0   128     4   512    313
 0   128     8   512    624
 0   128    16   512   1383
 0   128    32   512   1415
 0   128    64   512   1467
 0   128   128   512   1495
 0   128   256   512   1515
 0   128   512   512   1519
 0   128  1024   512   1526
 0   128  2048   512   1528
 0   128  4096   512   1505
 0   256     4   512    383
 0   256     8   512    760
 0   256    16   512   1604
 0   256    32   512   1621
 0   256    64   512   1661
 0   256   128   512   1677
 0   256   256   512   1692
 0   256   512   512   1699
 0   256  1024   512   1699
 0   256  2048   512   1700
 0   256  4096   512   1672
 0   512     4   512    419
 0   512     8   512    824
 0   512    16   512   1665
 0   512    32   512   1726
 0   512    64   512   1739
 0   512   128   512   1753
 0   512   256   512   1757
 0   512   512   512   1760
 0   512  1024   512   1760
 0   512  2048   512   1708
 0   512  4096   512   1635
 0  1024     4   512    390
 0  1024     8   512    771
 0  1024    16   512   1520
 0  1024    32   512   1623
 0  1024    64   512   1631
 0  1024   128   512   1640
 0  1024   256   512   1642
 0  1024   512   512   1642
 0  1024  1024   512   1642
 0  1024  2048   512   1517
 0  1024  4096   512   1297
 0  2048     4   512    423
 0  2048     8   512    836
 0  2048    16   512   1607
 0  2048    32   512   1705
 0  2048    64   512   1716
 0  2048   128   512   1714
 0  2048   256   512   1716
 0  2048   512   512   1659
 0  2048  1024   512   1566
 0  2048  2048   512   1419
 0  2048  4096   512   1294
 0  4096     4   512    441
 0  4096     8   512    860
 0  4096    16   512   1675
 0  4096    32   512   1699
 0  4096    64   512   1701
 0  4096   128   512   1591
 0  4096   256   512   1498
 0  4096   512   512   1484
 0  4096  1024   512   1272
 0  4096  2048   512   1139
 0  4096  4096   512   1133
# load after: { 3.15 2.70 2.45 } other benchmarks seen: 0
