# 2026-10-01 21:52:09 load before: { 2.71 2.46 2.35 } VECLIB_MAXIMUM_THREADS=1
# thin row accel f32 beta=0
 0     1  4096  4096     74
 0     4  4096  4096     49
 0     8  4096  4096     98
 0    16  4096  4096    195
 0    32  4096  4096    385
 0    64  4096  4096    633
 0  4096     1  4096     64
 0  4096     4  4096     81
 0  4096     8  4096    164
 0  4096    16  4096    325
 0  4096    32  4096    605
 0  4096    64  4096    898
 0     8     8  4096     49
 0    16    16  4096    309
 0    32    32  4096    747
# load after: { 2.73 2.47 2.35 } other benchmarks seen: 0
