# 2026-10-01 21:57:40 load before: { 2.17 2.38 2.35 } VECLIB_MAXIMUM_THREADS=1
# grid512 row accel f32 beta=0
 0     4     4   512     32
 0     4     8   512     32
 0     4    16   512     59
 0     4    32   512    117
 0     4    64   512    232
 0     4   128   512    316
 0     4   256   512    385
 0     4   512   512    422
 0     4  1024   512    354
 0     4  2048   512    428
 0     4  4096   512    319
 0     8     4   512     32
 0     8     8   512     41
 0     8    16   512    118
 0     8    32   512    233
 0     8    64   512    461
 0     8   128   512    626
 0     8   256   512    771
 0     8   512   512    828
 0     8  1024   512    776
 0     8  2048   512    860
 0     8  4096   512    777
 0    16     4   512     46
 0    16     8   512     96
 0    16    16   512    276
 0    16    32   512    551
 0    16    64   512   1088
 0    16   128   512   1397
 0    16   256   512   1641
 0    16   512   512   1397
 0    16  1024   512   1555
 0    16  2048   512   1685
 0    16  4096   512   1524
 0    32     4   512     71
 0    32     8   512    146
 0    32    16   512    407
 0    32    32   512    804
 0    32    64   512    876
 0    32   128   512   1444
 0    32   256   512   1662
 0    32   512   512   1743
 0    32  1024   512   1674
 0    32  2048   512   1755
 0    32  4096   512   1618
 0    64     4   512     85
 0    64     8   512    172
 0    64    16   512    441
 0    64    32   512    872
 0    64    64   512   1212
 0    64   128   512   1502
 0    64   256   512   1691
 0    64   512   512   1780
 0    64  1024   512   1675
 0    64  2048   512   1770
 0    64  4096   512   1626
 0   128     4   512     90
 0   128     8   512    183
 0   128    16   512    370
 0   128    32   512    907
 0   128    64   512   1105
 0   128   128   512   1526
 0   128   256   512   1722
 0   128   512   512   1793
 0   128  1024   512   1689
 0   128  2048   512   1774
 0   128  4096   512   1411
 0   256     4   512    103
 0   256     8   512    208
 0   256    16   512    469
 0   256    32   512    928
 0   256    64   512   1266
 0   256   128   512   1540
 0   256   256   512   1728
 0   256   512   512   1783
 0   256  1024   512   1692
 0   256  2048   512   1769
 0   256  4096   512   1524
 0   512     4   512    110
 0   512     8   512    224
 0   512    16   512    476
 0   512    32   512    920
 0   512    64   512   1243
 0   512   128   512   1553
 0   512   256   512   1721
 0   512   512   512   1803
 0   512  1024   512   1690
 0   512  2048   512   1670
 0   512  4096   512   1105
 0  1024     4   512    114
 0  1024     8   512    230
 0  1024    16   512    479
 0  1024    32   512    922
 0  1024    64   512   1262
 0  1024   128   512   1558
 0  1024   256   512   1738
 0  1024   512   512   1801
 0  1024  1024   512   1668
 0  1024  2048   512   1655
 0  1024  4096   512   1092
 0  2048     4   512    116
 0  2048     8   512    235
 0  2048    16   512    480
 0  2048    32   512    945
 0  2048    64   512   1286
 0  2048   128   512   1551
 0  2048   256   512   1742
 0  2048   512   512   1810
 0  2048  1024   512   1685
 0  2048  2048   512   1574
 0  2048  4096   512   1015
 0  4096     4   512    115
 0  4096     8   512    234
 0  4096    16   512    475
 0  4096    32   512    938
 0  4096    64   512   1276
 0  4096   128   512   1552
 0  4096   256   512   1744
 0  4096   512   512   1813
 0  4096  1024   512   1649
 0  4096  2048   512   1607
 0  4096  4096   512   1460
# load after: { 1.81 2.27 2.31 } other benchmarks seen: 0
