# 2026-10-01 21:51:32 load before: { 2.75 2.46 2.34 } VECLIB_MAXIMUM_THREADS=1
# thin col accel f32 beta=1
 0     1  4096  4096     63
 0     4  4096  4096     80
 0     8  4096  4096    162
 0    16  4096  4096    313
 0    32  4096  4096    636
 0    64  4096  4096    948
 0  4096     1  4096     73
 0  4096     4  4096     49
 0  4096     8  4096     97
 0  4096    16  4096    193
 0  4096    32  4096    381
 0  4096    64  4096    628
 0     8     8  4096     49
 0    16    16  4096    308
 0    32    32  4096    750
# load after: { 2.61 2.43 2.34 } other benchmarks seen: 0
