# 2026-10-01 21:49:15 load before: { 2.38 2.35 2.30 } VECLIB_MAXIMUM_THREADS=1
# all row accel f32 beta=0
 0   512   512   512   1802
 0  1000  1000  1000   1845
 0  1024  1024  1024   1687
 0  2048  2048  2048   1697
 0  3000  3000  3000   1580
 0  4096  4096  4096   1618
 1    64  2112  7168   1172
 2    64 24576  1536    637
 3    64 32768   512    633
 4    64  7168 16384    638
 5    64  4096  7168    629
 6    64  7168  2048    669
 7   128  2112  7168   1418
 8   128 24576  1536    942
 9   128 32768   512    922
10   128  7168 16384    905
11   128  4096  7168    922
12   128  7168  2048    972
13  4096  2112  7168   1618
14  4096 24576  1536   1673
15  4096 32768   512   1604
16  4096  7168 16384   1521
17  4096  4096  7168   1531
18  4096  7168  2048   1684
19  4096   256  4096   1409
20 11008   256  4096   1405
21  4096   256 11008   1428
22  5120   256  5120   1406
23 13824   256  5120   1408
24  5120   256 13824   1408
# load after: { 2.34 2.35 2.30 } other benchmarks seen: 0
