# 2026-10-01 21:50:36 load before: { 2.51 2.38 2.31 } VECLIB_MAXIMUM_THREADS=1
# small col accel f32 beta=1
 0     4     4     4      5
 0     8     8     8     24
 0    12    12    12     27
 0    16    16    16     47
 0    24    24    24    115
 0    32    32    32    311
 0    48    48    48    519
 0    64    64    64    929
 0    96    96    96   1253
 0   128   128   128   1429
 0   192   192   192   1593
 0   256   256   256   1686
 0   384   384   384   1795
# load after: { 2.39 2.35 2.30 } other benchmarks seen: 0
