# 2026-10-01 22:04:36 load before: { 3.37 2.53 2.38 } VECLIB_MAXIMUM_THREADS=1
# grid4096 row accel f32 beta=0
 0     4     4  4096     13
 0     4     8  4096     24
 0     4    16  4096     49
 0     4    32  4096    115
 0     4    64  4096    232
 0     4   128  4096    290
 0     4   256  4096    332
 0     4   512  4096    313
 0     4  1024  4096     66
 0     4  2048  4096     52
 0     4  4096  4096     47
 0     8     4  4096     26
 0     8     8  4096     50
 0     8    16  4096     99
 0     8    32  4096    199
 0     8    64  4096    399
 0     8   128  4096    578
 0     8   256  4096    631
 0     8   512  4096    615
 0     8  1024  4096    132
 0     8  2048  4096    103
 0     8  4096  4096     95
 0    16     4  4096     64
 0    16     8  4096    119
 0    16    16  4096    283
 0    16    32  4096    474
 0    16    64  4096    937
 0    16   128  4096   1229
 0    16   256  4096   1387
 0    16   512  4096   1278
 0    16  1024  4096    240
 0    16  2048  4096    209
 0    16  4096  4096    189
 0    32     4  4096     75
 0    32     8  4096    152
 0    32    16  4096    306
 0    32    32  4096    618
 0    32    64  4096    931
 0    32   128  4096   1343
 0    32   256  4096   1603
 0    32   512  4096   1639
 0    32  1024  4096    473
 0    32  2048  4096    397
 0    32  4096  4096    377
 0    64     4  4096     90
 0    64     8  4096    181
 0    64    16  4096    381
 0    64    32  4096    717
 0    64    64  4096   1060
 0    64   128  4096   1385
 0    64   256  4096   1625
 0    64   512  4096   1644
 0    64  1024  4096    738
 0    64  2048  4096    652
 0    64  4096  4096    623
 0   128     4  4096     92
 0   128     8  4096    187
 0   128    16  4096    375
 0   128    32  4096    736
 0   128    64  4096   1067
 0   128   128  4096   1399
 0   128   256  4096   1644
 0   128   512  4096   1661
 0   128  1024  4096    956
 0   128  2048  4096    935
 0   128  4096  4096    914
 0   256     4  4096     94
 0   256     8  4096    189
 0   256    16  4096    378
 0   256    32  4096    754
 0   256    64  4096   1089
 0   256   128  4096   1411
 0   256   256  4096   1645
 0   256   512  4096   1618
 0   256  1024  4096   1240
 0   256  2048  4096   1233
 0   256  4096  4096   1213
 0   512     4  4096     94
 0   512     8  4096    191
 0   512    16  4096    384
 0   512    32  4096    760
 0   512    64  4096   1089
 0   512   128  4096   1395
 0   512   256  4096   1507
 0   512   512  4096   1524
 0   512  1024  4096   1400
 0   512  2048  4096   1369
 0   512  4096  4096   1316
 0  1024     4  4096     85
 0  1024     8  4096    175
 0  1024    16  4096    354
 0  1024    32  4096    715
 0  1024    64  4096   1042
 0  1024   128  4096   1250
 0  1024   256  4096   1481
 0  1024   512  4096   1553
 0  1024  1024  4096   1525
 0  1024  2048  4096   1543
 0  1024  4096  4096   1482
 0  2048     4  4096     87
 0  2048     8  4096    176
 0  2048    16  4096    349
 0  2048    32  4096    694
 0  2048    64  4096    983
 0  2048   128  4096   1275
 0  2048   256  4096   1466
 0  2048   512  4096   1591
 0  2048  1024  4096   1618
 0  2048  2048  4096   1611
 0  2048  4096  4096   1555
 0  4096     4  4096     81
 0  4096     8  4096    164
 0  4096    16  4096    328
 0  4096    32  4096    643
 0  4096    64  4096    906
 0  4096   128  4096   1196
 0  4096   256  4096   1410
 0  4096   512  4096   1596
 0  4096  1024  4096   1662
 0  4096  2048  4096   1654
 0  4096  4096  4096   1584
# load after: { 2.74 2.48 2.36 } other benchmarks seen: 0
