# 2026-10-01 22:01:08 load before: { 2.61 2.29 2.30 } VECLIB_MAXIMUM_THREADS=1
# grid4096 col accel f32 beta=1
 0     4     4  4096     13
 0     4     8  4096     26
 0     4    16  4096     65
 0     4    32  4096     84
 0     4    64  4096     89
 0     4   128  4096     91
 0     4   256  4096     94
 0     4   512  4096     94
 0     4  1024  4096     90
 0     4  2048  4096     80
 0     4  4096  4096     79
 0     8     4  4096     27
 0     8     8  4096     53
 0     8    16  4096    131
 0     8    32  4096    171
 0     8    64  4096    180
 0     8   128  4096    186
 0     8   256  4096    186
 0     8   512  4096    173
 0     8  1024  4096    176
 0     8  2048  4096    164
 0     8  4096  4096    157
 0    16     4  4096     60
 0    16     8  4096    121
 0    16    16  4096    311
 0    16    32  4096    378
 0    16    64  4096    381
 0    16   128  4096    384
 0    16   256  4096    381
 0    16   512  4096    374
 0    16  1024  4096    363
 0    16  2048  4096    346
 0    16  4096  4096    327
 0    32     4  4096    120
 0    32     8  4096    238
 0    32    16  4096    615
 0    32    32  4096    746
 0    32    64  4096    754
 0    32   128  4096    760
 0    32   256  4096    735
 0    32   512  4096    718
 0    32  1024  4096    713
 0    32  2048  4096    664
 0    32  4096  4096    637
 0    64     4  4096    240
 0    64     8  4096    478
 0    64    16  4096   1229
 0    64    32  4096   1095
 0    64    64  4096   1099
 0    64   128  4096   1106
 0    64   256  4096   1102
 0    64   512  4096   1084
 0    64  1024  4096   1052
 0    64  2048  4096   1013
 0    64  4096  4096    951
 0   128     4  4096    320
 0   128     8  4096    646
 0   128    16  4096   1520
 0   128    32  4096   1411
 0   128    64  4096   1419
 0   128   128  4096   1421
 0   128   256  4096   1420
 0   128   512  4096   1389
 0   128  1024  4096   1337
 0   128  2048  4096   1275
 0   128  4096  4096   1169
 0   256     4  4096    389
 0   256     8  4096    783
 0   256    16  4096   1725
 0   256    32  4096   1651
 0   256    64  4096   1650
 0   256   128  4096   1634
 0   256   256  4096   1653
 0   256   512  4096   1580
 0   256  1024  4096   1535
 0   256  2048  4096   1474
 0   256  4096  4096   1370
 0   512     4  4096    417
 0   512     8  4096    825
 0   512    16  4096   1583
 0   512    32  4096   1754
 0   512    64  4096   1745
 0   512   128  4096   1739
 0   512   256  4096   1683
 0   512   512  4096   1688
 0   512  1024  4096   1619
 0   512  2048  4096   1556
 0   512  4096  4096   1515
 0  1024     4  4096     66
 0  1024     8  4096    131
 0  1024    16  4096    261
 0  1024    32  4096    510
 0  1024    64  4096    776
 0  1024   128  4096   1018
 0  1024   256  4096   1243
 0  1024   512  4096   1440
 0  1024  1024  4096   1520
 0  1024  2048  4096   1546
 0  1024  4096  4096   1578
 0  2048     4  4096     52
 0  2048     8  4096    104
 0  2048    16  4096    208
 0  2048    32  4096    408
 0  2048    64  4096    658
 0  2048   128  4096    953
 0  2048   256  4096   1237
 0  2048   512  4096   1400
 0  2048  1024  4096   1506
 0  2048  2048  4096   1556
 0  2048  4096  4096   1558
 0  4096     4  4096     48
 0  4096     8  4096     97
 0  4096    16  4096    193
 0  4096    32  4096    379
 0  4096    64  4096    627
 0  4096   128  4096    921
 0  4096   256  4096   1205
 0  4096   512  4096   1331
 0  4096  1024  4096   1418
 0  4096  2048  4096   1458
 0  4096  4096  4096   1479
# load after: { 2.73 2.37 2.32 } other benchmarks seen: 0
