# 2026-09-23 22:06:28 load before: { 2.42 2.92 2.67 } VECLIB_MAXIMUM_THREADS=1
# all row eigen-branch f32 beta=0 threads=1 sme_units=2
 0   512   512   512   1661  err/sqrtK=0.0e+00
 0  1000  1000  1000   1737  err/sqrtK=0.0e+00
 0  1024  1024  1024   1661  err/sqrtK=0.0e+00
 0  2048  2048  2048   1699  err/sqrtK=0.0e+00
 0  3000  3000  3000   1642  err/sqrtK=3.8e-06
 0  4096  4096  4096   1722  err/sqrtK=6.0e-06
 1    64  2112  7168   1077  err/sqrtK=6.0e-06
 2    64 24576  1536   1005  err/sqrtK=0.0e+00
 3    64 32768   512    888  err/sqrtK=0.0e+00
 4    64  7168 16384    932  err/sqrtK=1.0e-05
 5    64  4096  7168    956  err/sqrtK=5.3e-06
 6    64  7168  2048    934  err/sqrtK=0.0e+00
 7   128  2112  7168   1365  err/sqrtK=6.0e-06
 8   128 24576  1536   1259  err/sqrtK=0.0e+00
 9   128 32768   512   1138  err/sqrtK=0.0e+00
10   128  7168 16384   1248  err/sqrtK=7.3e-06
11   128  4096  7168   1241  err/sqrtK=6.7e-06
12   128  7168  2048   1251  err/sqrtK=0.0e+00
13  4096  2112  7168   1686  err/sqrtK=8.7e-06
14  4096 24576  1536   1736  err/sqrtK=0.0e+00
15  4096 32768   512   1559  err/sqrtK=0.0e+00
16  4096  7168 16384   1745  err/sqrtK=1.1e-05
17  4096  4096  7168   1711  err/sqrtK=7.2e-06
18  4096  7168  2048   1742  err/sqrtK=0.0e+00
19  4096   256  4096   1466  err/sqrtK=4.1e-06
20 11008   256  4096   1462  err/sqrtK=5.1e-06
21  4096   256 11008   1488  err/sqrtK=6.7e-06
22  5120   256  5120   1471  err/sqrtK=5.4e-06
23 13824   256  5120   1468  err/sqrtK=5.8e-06
24  5120   256 13824   1477  err/sqrtK=9.6e-06
# load after: { 2.44 2.89 2.67 }
