# 2026-09-23 23:20:06 load before: { 2.97 4.28 5.01 } VECLIB_MAXIMUM_THREADS=1
# all col eigen-branch f32 beta=1 threads=1 sme_units=2
 0   512   512   512   1716  err/sqrtK=2.5e-07
 0  1000  1000  1000   1799  err/sqrtK=1.4e-06
 0  1024  1024  1024   1685  err/sqrtK=2.4e-07
 0  2048  2048  2048   1710  err/sqrtK=3.4e-07
 0  3000  3000  3000   1654  err/sqrtK=3.9e-06
 0  4096  4096  4096   1748  err/sqrtK=6.3e-06
 1    64  2112  7168    977  err/sqrtK=5.1e-06
 2    64 24576  1536   1065  err/sqrtK=2.4e-07
 3    64 32768   512    947  err/sqrtK=2.5e-07
 4    64  7168 16384    939  err/sqrtK=7.7e-06
 5    64  4096  7168    978  err/sqrtK=5.9e-06
 6    64  7168  2048   1046  err/sqrtK=2.5e-07
 7   128  2112  7168   1274  err/sqrtK=5.4e-06
 8   128 24576  1536   1299  err/sqrtK=2.9e-07
 9   128 32768   512   1215  err/sqrtK=2.5e-07
10   128  7168 16384   1237  err/sqrtK=9.2e-06
11   128  4096  7168   1277  err/sqrtK=6.8e-06
12   128  7168  2048   1323  err/sqrtK=3.4e-07
13  4096  2112  7168   1682  err/sqrtK=7.4e-06
14  4096 24576  1536   1692  err/sqrtK=4.4e-07
15  4096 32768   512   1587  err/sqrtK=3.4e-07
16  4096  7168 16384   1688  err/sqrtK=1.2e-05
17  4096  4096  7168   1684  err/sqrtK=7.3e-06
18  4096  7168  2048   1686  err/sqrtK=4.2e-07
19  4096   256  4096   1444  err/sqrtK=4.5e-06
20 11008   256  4096   1567  err/sqrtK=4.5e-06
21  4096   256 11008   1443  err/sqrtK=7.8e-06
22  5120   256  5120   1508  err/sqrtK=5.1e-06
23 13824   256  5120   1540  err/sqrtK=5.5e-06
24  5120   256 13824   1513  err/sqrtK=9.2e-06
# load after: { 2.35 4.03 4.90 }
