# 2026-09-22 23:25:47 load before: { 2.42 3.29 3.04 } VECLIB_MAXIMUM_THREADS=1
# all row kleidiai f32 beta=0
 0   512   512   512   1660  err/sqrtK=0.0e+00
 0  1000  1000  1000   1685  err/sqrtK=0.0e+00
 0  1024  1024  1024   1741  err/sqrtK=0.0e+00
 0  2048  2048  2048   1415  err/sqrtK=0.0e+00
 0  3000  3000  3000   1179  err/sqrtK=0.0e+00
 0  4096  4096  4096   1061  err/sqrtK=0.0e+00
 1    64  2112  7168    637  err/sqrtK=0.0e+00
 2    64 24576  1536    601  err/sqrtK=0.0e+00
 3    64 32768   512    536  err/sqrtK=0.0e+00
 4    64  7168 16384    626  err/sqrtK=0.0e+00
 5    64  4096  7168    613  err/sqrtK=0.0e+00
 6    64  7168  2048    621  err/sqrtK=0.0e+00
 7   128  2112  7168    785  err/sqrtK=0.0e+00
 8   128 24576  1536    743  err/sqrtK=0.0e+00
 9   128 32768   512    653  err/sqrtK=0.0e+00
10   128  7168 16384    785  err/sqrtK=0.0e+00
11   128  4096  7168    773  err/sqrtK=0.0e+00
12   128  7168  2048    779  err/sqrtK=0.0e+00
13  4096  2112  7168   1047  err/sqrtK=0.0e+00
14  4096 24576  1536    959  err/sqrtK=0.0e+00
15  4096 32768   512    820  err/sqrtK=0.0e+00
16  4096  7168 16384   1034  err/sqrtK=0.0e+00
17  4096  4096  7168   1019  err/sqrtK=0.0e+00
18  4096  7168  2048   1020  err/sqrtK=0.0e+00
19  4096   256  4096   1241  err/sqrtK=0.0e+00
20 11008   256  4096   1251  err/sqrtK=0.0e+00
21  4096   256 11008   1026  err/sqrtK=0.0e+00
22  5120   256  5120   1110  err/sqrtK=0.0e+00
23 13824   256  5120   1115  err/sqrtK=0.0e+00
24  5120   256 13824    997  err/sqrtK=0.0e+00
# load after: { 2.16 3.15 3.00 }
