# 2026-09-22 23:25:07 load before: { 2.77 3.48 3.10 } VECLIB_MAXIMUM_THREADS=1
# all col libxsmm f32 beta=1
 0   512   512   512   1740  err/sqrtK=0.0e+00
 0  1000  1000  1000   1798  err/sqrtK=0.0e+00
 0  1024  1024  1024   1568  err/sqrtK=0.0e+00
 0  2048  2048  2048    625  err/sqrtK=0.0e+00
 0  3000  3000  3000    897  err/sqrtK=0.0e+00
 0  4096  4096  4096    451  err/sqrtK=0.0e+00
 1    64  2112  7168    623  err/sqrtK=0.0e+00
 2    64 24576  1536    836  err/sqrtK=0.0e+00
 3    64 32768   512    829  err/sqrtK=0.0e+00
 4    64  7168 16384    561  err/sqrtK=0.0e+00
 5    64  4096  7168    625  err/sqrtK=0.0e+00
 6    64  7168  2048    603  err/sqrtK=0.0e+00
 7   128  2112  7168    936  err/sqrtK=0.0e+00
 8   128 24576  1536   1089  err/sqrtK=0.0e+00
 9   128 32768   512   1055  err/sqrtK=0.0e+00
10   128  7168 16384    687  err/sqrtK=0.0e+00
11   128  4096  7168    940  err/sqrtK=0.0e+00
12   128  7168  2048    896  err/sqrtK=0.0e+00
13  4096  2112  7168    455  err/sqrtK=0.0e+00
14  4096 24576  1536    502  err/sqrtK=0.0e+00
15  4096 32768   512   1186  err/sqrtK=0.0e+00
16  4096  7168 16384    458  err/sqrtK=0.0e+00
17  4096  4096  7168    458  err/sqrtK=0.0e+00
18  4096  7168  2048    497  err/sqrtK=0.0e+00
19  4096   256  4096    457  err/sqrtK=0.0e+00
20 11008   256  4096    568  err/sqrtK=0.0e+00
21  4096   256 11008    461  err/sqrtK=0.0e+00
22  5120   256  5120    468  err/sqrtK=0.0e+00
23 13824   256  5120    590  err/sqrtK=0.0e+00
24  5120   256 13824    467  err/sqrtK=0.0e+00
# load after: { 2.37 3.30 3.04 }
