# eigen_gemv_neon grid
# gemv eigen-neon f32
    16      1       25.1     1.3 
    16      2       26.0     2.5 
    16      4       26.6     4.8 
    16      8       26.8     9.5 
    16     16       29.1    17.6 
    16     32       50.9    20.1 
    16     64       90.0    22.8 
    16    128      121.7    33.7 
    16    256      219.9    37.3 
    16   1024      799.2    41.0 
    16   4096     4331.6    30.3 
    32      1       26.0     2.5 
    32      2       26.0     4.9 
    32      4       27.1     9.4 
    32      8       29.7    17.3 
    32     16       38.6    26.5 
    32     32       56.4    36.3 
    32     64       97.9    41.9 
    32    128      167.0    49.1 
    32    256      308.2    53.2 
    32   1024     1432.4    45.8 
    32   4096     7094.8    36.9 
    64      1       26.9     4.8 
    64      2       27.5     9.3 
    64      4       29.3    17.5 
    64      8       41.0    25.0 
    64     16       59.4    34.5 
    64     32       94.9    43.2 
    64     64      166.6    49.2 
    64    128      304.8    53.7 
    64    256      583.1    56.2 
    64   1024     3897.1    33.6 
    64   4096    15377.3    34.1 
    96      1       28.0     6.8 
    96      2       29.1    13.2 
    96      4       36.0    21.3 
    96      8       50.4    30.5 
    96     16       76.3    40.2 
    96     32      127.2    48.3 
    96     64      233.2    52.7 
    96    128      425.4    57.8 
    96    256      827.5    59.4 
    96   1024     5788.0    34.0 
    96   4096    23012.6    34.2 
   128      1       29.1     8.8 
   128      2       30.9    16.6 
   128      4       42.6    24.1 
   128      8       60.4    33.9 
   128     16       93.7    43.7 
   128     32      162.0    50.6 
   128     64      301.1    54.4 
   128    128      566.8    57.8 
   128    256     1301.1    50.4 
   128   1024     7880.4    33.3 
   128   4096    31461.5    33.3 
   192      1       32.6    11.8 
   192      2       40.4    19.0 
   192      4       53.4    28.8 
   192      8       77.7    39.5 
   192     16      126.4    48.6 
   192     32      227.1    54.1 
   192     64      437.6    56.2 
   192    128      833.2    59.0 
   192    256     2962.8    33.2 
   192   1024    11792.6    33.3 
   192   4096    47246.8    33.3 
   256      1       38.0    13.5 
   256      2       46.9    21.9 
   256      4       62.9    32.5 
   256      8       94.8    43.2 
   256     16      158.8    51.6 
   256     32      292.5    56.0 
   256     64      572.7    57.2 
   256    128     1395.7    47.0 
   256    256     3705.2    35.4 
   256   1024    14892.3    35.2 
   256   4096    60904.6    34.4 
   512      1       57.9    17.7 
   512      2       72.6    28.2 
   512      4      103.1    39.7 
   512      8      165.6    49.5 
   512     16      291.7    56.2 
   512     32      557.3    58.8 
   512     64     1159.6    56.5 
   512    128     3675.9    35.7 
   512    256     7282.1    36.0 
   512   1024    29611.9    35.4 
   512   4096   120360.8    34.8 
  1024      1       97.3    21.0 
  1024      2      125.6    32.6 
  1024      4      182.9    44.8 
  1024      8      306.7    53.4 
  1024     16      559.0    58.6 
  1024     32     1750.8    37.4 
  1024     64     4426.7    29.6 
  1024    128     7345.6    35.7 
  1024    256    14550.9    36.0 
  1024   1024    57773.7    36.3 
  1024   4096   347270.1    24.2 
  2048      1      176.3    23.2 
  2048      2      233.4    35.1 
  2048      4      346.3    47.3 
  2048      8      594.7    55.1 
  2048     16     1354.6    48.4 
  2048     32     4498.5    29.1 
  2048     64     9145.5    28.7 
  2048    128    15560.9    33.7 
  2048    256    31149.3    33.7 
  2048   1024   127274.0    33.0 
  2048   4096  1017095.9    16.5 
  4096      1      336.2    24.4 
  4096      2      448.2    36.6 
  4096      4      670.9    48.8 
  4096      8     1592.5    41.2 
  4096     16     5107.5    25.7 
  4096     32     9795.6    26.8 
  4096     64    19181.4    27.3 
  4096    128    44797.3    23.4 
  4096    256    90661.2    23.1 
  4096   1024   388034.5    21.6 
  4096   4096  2223666.7    15.1 
  8192      1      656.5    25.0 
  8192      2      869.1    37.7 
  8192      4     3265.5    20.1 
  8192      8     4175.5    31.4 
  8192     16    11062.2    23.7 
  8192     32    19590.8    26.8 
  8192     64    38396.2    27.3 
  8192    128    89745.3    23.4 
  8192    256   181714.3    23.1 
  8192   1024   979384.9    17.1 
  8192   4096  4219858.4    15.9 
