# eigen_gemv_amx_all grid
# gemv eigen-amx-all f32
    16      1      548.0     0.1 
    16      2      525.9     0.1 
    16      4      545.1     0.2 
    16      8      539.3     0.5 
    16     16      523.6     1.0 
    16     32      564.2     1.8 
    16     64      749.6     2.7 
    16    128     1647.4     2.5 
    16    256     3157.0     2.6 
    16   1024     9659.5     3.4 
    16   4096    24422.4     5.4 
    32      1      544.3     0.1 
    32      2      516.4     0.2 
    32      4      551.9     0.5 
    32      8      549.4     0.9 
    32     16      556.9     1.8 
    32     32      532.4     3.8 
    32     64      767.3     5.3 
    32    128     1677.0     4.9 
    32    256     3049.4     5.4 
    32   1024     8410.4     7.8 
    32   4096    33649.3     7.8 
    64      1      558.9     0.2 
    64      2      543.1     0.5 
    64      4      555.1     0.9 
    64      8      538.8     1.9 
    64     16      548.7     3.7 
    64     32      535.0     7.7 
    64     64      852.0     9.6 
    64    128     1653.2     9.9 
    64    256     2264.1    14.5 
    64   1024     9788.1    13.4 
    64   4096    22094.9    23.7 
    96      1      551.7     0.3 
    96      2      548.6     0.7 
    96      4      526.8     1.5 
    96      8      524.0     2.9 
    96     16      480.5     6.4 
    96     32      548.2    11.2 
    96     64      908.1    13.5 
    96    128     1780.9    13.8 
    96    256     2629.2    18.7 
    96   1024     8928.6    22.0 
    96   4096    28510.2    27.6 
   128      1      511.1     0.5 
   128      2      529.7     1.0 
   128      4      520.1     2.0 
   128      8      531.2     3.9 
   128     16      525.1     7.8 
   128     32      546.8    15.0 
   128     64      858.1    19.1 
   128    128     1363.1    24.0 
   128    256     2762.6    23.7 
   128   1024     7256.5    36.1 
   128   4096    26249.6    39.9 
   192      1      550.5     0.7 
   192      2      517.0     1.5 
   192      4      530.7     2.9 
   192      8      492.2     6.2 
   192     16      529.7    11.6 
   192     32      638.9    19.2 
   192     64     1035.1    23.7 
   192    128     1396.2    35.2 
   192    256     2545.6    38.6 
   192   1024    11851.0    33.2 
   192   4096    29308.1    53.7 
   256      1      557.4     0.9 
   256      2      530.4     1.9 
   256      4      518.2     4.0 
   256      8      472.5     8.7 
   256     16      525.7    15.6 
   256     32      724.2    22.6 
   256     64     1014.8    32.3 
   256    128     1964.0    33.4 
   256    256     3051.4    43.0 
   256   1024    11233.6    46.7 
   256   4096    31941.1    65.7 
   512      1      561.8     1.8 
   512      2      536.6     3.8 
   512      4      487.8     8.4 
   512      8      516.2    15.9 
   512     16      619.2    26.5 
   512     32      885.0    37.0 
   512     64     1313.1    49.9 
   512    128     2160.3    60.7 
   512    256     3477.1    75.4 
   512   1024    12570.3    83.4 
   512   4096    49046.3    85.5 
  1024      1      495.2     4.1 
  1024      2      518.3     7.9 
  1024      4      578.4    14.2 
  1024      8      648.5    25.3 
  1024     16      864.8    37.9 
  1024     32     1177.4    55.7 
  1024     64     2024.3    64.8 
  1024    128     3507.2    74.7 
  1024    256     5871.8    89.3 
  1024   1024    21984.6    95.4 
  1024   4096   132100.3    63.5 
  2048      1      599.5     6.8 
  2048      2      637.9    12.8 
  2048      4      710.1    23.1 
  2048      8      885.2    37.0 
  2048     16     1255.0    52.2 
  2048     32     1883.2    69.6 
  2048     64     3269.8    80.2 
  2048    128     6054.5    86.6 
  2048    256    11272.7    93.0 
  2048   1024    40832.2   102.7 
  2048   4096   606832.1    27.6 
  4096      1      778.0    10.5 
  4096      2      828.2    19.8 
  4096      4     1024.8    32.0 
  4096      8     1327.4    49.4 
  4096     16     2065.0    63.5 
  4096     32     3326.8    78.8 
  4096     64     6041.4    86.8 
  4096    128    11044.2    94.9 
  4096    256    20958.6   100.1 
  4096   1024   132222.0    63.4 
  4096   4096  1877147.7    17.9 
  8192      1     1153.8    14.2 
  8192      2     1308.4    25.0 
  8192      4     1657.4    39.5 
  8192      8     2344.6    55.9 
  8192     16     3700.6    70.8 
  8192     32     6221.2    84.3 
  8192     64    11355.0    92.3 
  8192    128    20892.5   100.4 
  8192    256    39265.4   106.8 
  8192   1024   609638.5    27.5 
  8192   4096  5054550.0    13.3 
