# eigen_gemv_amx_nopf grid
# gemv eigen-amx-nopf f32
    16      1      531.3     0.1 
    16      2      537.8     0.1 
    16      4      520.8     0.2 
    16      8      514.6     0.5 
    16     16      533.9     1.0 
    16     32      579.7     1.8 
    16     64      742.9     2.8 
    16    128     1601.3     2.6 
    16    256     2232.5     3.7 
    16   1024     9372.8     3.5 
    16   4096    32148.9     4.1 
    32      1      545.1     0.1 
    32      2      531.4     0.2 
    32      4      537.0     0.5 
    32      8      522.4     1.0 
    32     16      571.0     1.8 
    32     32      569.4     3.6 
    32     64      785.9     5.2 
    32    128     1401.4     5.8 
    32    256     2792.7     5.9 
    32   1024     9282.3     7.1 
    32   4096    28670.3     9.1 
    64      1      549.1     0.2 
    64      2      525.7     0.5 
    64      4      533.2     1.0 
    64      8      537.0     1.9 
    64     16      570.1     3.6 
    64     32      515.2     8.0 
    64     64      887.5     9.2 
    64    128     1749.4     9.4 
    64    256     3123.1    10.5 
    64   1024     9131.6    14.4 
    64   4096    43396.4    12.1 
    96      1      528.5     0.4 
    96      2      532.5     0.7 
    96      4      558.1     1.4 
    96      8      555.2     2.8 
    96     16      481.5     6.4 
    96     32      555.3    11.1 
    96     64      866.6    14.2 
    96    128     1831.5    13.4 
    96    256     2796.2    17.6 
    96   1024     7544.7    26.1 
    96   4096    31536.7    24.9 
   128      1      541.1     0.5 
   128      2      566.0     0.9 
   128      4      552.3     1.9 
   128      8      568.0     3.6 
   128     16      493.8     8.3 
   128     32      573.7    14.3 
   128     64      889.2    18.4 
   128    128     1670.9    19.6 
   128    256     1669.6    39.3 
   128   1024     8785.1    29.8 
   128   4096    27519.0    38.1 
   192      1      580.0     0.7 
   192      2      534.7     1.4 
   192      4      563.3     2.7 
   192      8      488.3     6.3 
   192     16      532.0    11.5 
   192     32      647.5    19.0 
   192     64     1030.2    23.9 
   192    128     1657.0    29.7 
   192    256     3388.9    29.0 
   192   1024    12089.3    32.5 
   192   4096    44161.8    35.6 
   256      1      524.8     1.0 
   256      2      528.0     1.9 
   256      4      544.9     3.8 
   256      8      494.8     8.3 
   256     16      527.4    15.5 
   256     32      687.2    23.8 
   256     64     1125.2    29.1 
   256    128     1862.4    35.2 
   256    256     2602.4    50.4 
   256   1024    12460.2    42.1 
   256   4096    44825.3    46.8 
   512      1      537.0     1.9 
   512      2      565.0     3.6 
   512      4      501.2     8.2 
   512      8      543.4    15.1 
   512     16      632.3    25.9 
   512     32      845.7    38.7 
   512     64     1271.1    51.6 
   512    128     2269.6    57.7 
   512    256     3306.7    79.3 
   512   1024    13318.7    78.7 
   512   4096    48959.9    85.7 
  1024      1      515.8     4.0 
  1024      2      531.7     7.7 
  1024      4      568.0    14.4 
  1024      8      653.2    25.1 
  1024     16      871.6    37.6 
  1024     32     1162.5    56.4 
  1024     64     1889.2    69.4 
  1024    128     3208.0    81.7 
  1024    256     5941.9    88.2 
  1024   1024    21852.8    96.0 
  1024   4096   174531.9    48.1 
  2048      1      605.1     6.8 
  2048      2      671.7    12.2 
  2048      4      719.4    22.8 
  2048      8      922.8    35.5 
  2048     16     1206.2    54.3 
  2048     32     1906.5    68.8 
  2048     64     3342.0    78.4 
  2048    128     6042.7    86.8 
  2048    256    10997.6    95.3 
  2048   1024    41712.9   100.6 
  2048   4096   810011.7    20.7 
  4096      1      783.4    10.5 
  4096      2      905.5    18.1 
  4096      4     1017.1    32.2 
  4096      8     1350.5    48.5 
  4096     16     2016.7    65.0 
  4096     32     3366.6    77.9 
  4096     64     6031.7    86.9 
  4096    128    11176.0    93.8 
  4096    256    20758.7   101.0 
  4096   1024   230598.2    36.4 
  4096   4096  2561968.8    13.1 
  8192      1     1099.7    14.9 
  8192      2     1297.0    25.3 
  8192      4     1632.4    40.1 
  8192      8     2278.1    57.5 
  8192     16     3603.1    72.8 
  8192     32     6247.3    83.9 
  8192     64    11228.3    93.4 
  8192    128    20928.4   100.2 
  8192    256    39162.2   107.1 
  8192   1024  1392697.3    12.0 
  8192   4096  6057146.0    11.1 
