# eigen_gemv_amx grid
# gemv eigen-amx f32
    16      1       26.2     1.2 
    16      2       26.2     2.4 
    16      4       26.7     4.8 
    16      8       29.3     8.7 
    16     16       38.6    13.3 
    16     32       57.5    17.8 
    16     64       88.8    23.1 
    16    128      121.3    33.8 
    16    256      216.0    37.9 
    16   1024      798.3    41.0 
    16   4096     4304.0    30.5 
    32      1       26.7     2.4 
    32      2       26.9     4.8 
    32      4       27.7     9.3 
    32      8       29.2    17.6 
    32     16       39.1    26.2 
    32     32       58.7    34.9 
    32     64       97.8    41.9 
    32    128      169.0    48.5 
    32    256      317.8    51.6 
    32   1024     1469.7    44.6 
    32   4096     7111.6    36.9 
    64      1       27.8     4.6 
    64      2       28.5     9.0 
    64      4       30.3    16.9 
    64      8       41.4    24.8 
    64     16       59.8    34.3 
    64     32       95.3    43.0 
    64     64      166.1    49.3 
    64    128      311.7    52.6 
    64    256      612.5    53.5 
    64   1024     3927.0    33.4 
    64   4096    15353.9    34.1 
    96      1       29.0     6.6 
    96      2       30.3    12.7 
    96      4       36.3    21.2 
    96      8       50.8    30.2 
    96     16       77.1    39.8 
    96     32      128.2    47.9 
    96     64      234.4    52.4 
    96    128      427.9    57.4 
    96    256      835.6    58.8 
    96   1024     5831.5    33.7 
    96   4096    23220.5    33.9 
   128      1       30.1     8.5 
   128      2       33.1    15.5 
   128      4       43.5    23.6 
   128      8       61.3    33.4 
   128     16       95.1    43.1 
   128     32      161.9    50.6 
   128     64      302.7    54.1 
   128    128      578.1    56.7 
   128    256     1316.1    49.8 
   128   1024     7882.3    33.3 
   128   4096    31624.5    33.2 
   192      1       33.9    11.3 
   192      2       42.3    18.1 
   192      4       55.0    27.9 
   192      8       79.6    38.6 
   192     16      128.9    47.7 
   192     32      235.3    52.2 
   192     64      452.3    54.3 
   192    128      832.9    59.0 
   192    256     2732.9    36.0 
   192   1024    11162.8    35.2 
   192   4096    33424.2    47.1 
   256      1       40.1    12.8 
   256      2       48.6    21.1 
   256      4       64.4    31.8 
   256      8       96.5    42.5 
   256     16      161.0    50.9 
   256     32      295.1    55.5 
   256     64      576.0    56.9 
   256    128     1858.6    35.3 
   256    256     2694.6    48.6 
   256   1024    11744.2    44.6 
   256   4096    39160.5    53.6 
   512      1       59.7    17.2 
   512      2       74.3    27.6 
   512      4      104.1    39.3 
   512      8      169.2    48.4 
   512     16      296.9    55.2 
   512     32      569.5    57.5 
   512     64     1341.6    48.9 
   512    128     2381.7    55.0 
   512    256     3702.4    70.8 
   512   1024    14864.4    70.5 
   512   4096    57571.2    72.9 
  1024      1       99.6    20.6 
  1024      2      129.2    31.7 
  1024      4      190.1    43.1 
  1024      8      320.4    51.1 
  1024     16      577.4    56.7 
  1024     32     1234.0    53.1 
  1024     64     2037.9    64.3 
  1024    128     3498.1    74.9 
  1024    256     5833.7    89.9 
  1024   1024    23827.8    88.0 
  1024   4096   130539.5    64.3 
  2048      1      179.3    22.8 
  2048      2      242.7    33.8 
  2048      4      356.9    45.9 
  2048      8      617.1    53.1 
  2048     16     1247.8    52.5 
  2048     32     1976.7    66.3 
  2048     64     3293.5    79.6 
  2048    128     5841.1    89.8 
  2048    256    11449.5    91.6 
  2048   1024    43226.4    97.0 
  2048   4096   598550.2    28.0 
  4096      1      341.5    24.0 
  4096      2      463.8    35.3 
  4096      4      692.2    47.3 
  4096      8     1355.7    48.3 
  4096     16     2053.5    63.8 
  4096     32     3414.7    76.8 
  4096     64     5961.0    88.0 
  4096    128    11026.9    95.1 
  4096    256    20514.7   102.2 
  4096   1024   134892.6    62.2 
  4096   4096  2210587.5    15.2 
  8192      1      662.1    24.7 
  8192      2      930.3    35.2 
  8192      4     1667.8    39.3 
  8192      8     2298.2    57.0 
  8192     16     3677.5    71.3 
  8192     32     6263.5    83.7 
  8192     64    11236.1    93.3 
  8192    128    20810.0   100.8 
  8192    256    39200.5   107.0 
  8192   1024   683102.8    24.6 
  8192   4096  5004823.0    13.4 
