# eigen_gemv_neon grid f64
# gemv eigen-neon f64
    16      1       25.7     1.2 
    16      2       25.7     2.5 
    16      4       26.4     4.8 
    16      8       28.3     9.1 
    16     16       36.0    14.2 
    16     32       55.2    18.5 
    16     64       93.5    21.9 
    16    128      166.3    24.6 
    16    256      313.0    26.2 
    16   1024     1641.9    20.0 
    16   4096     7018.8    18.7 
    32      1       29.8     2.1 
    32      2       27.2     4.7 
    32      4       28.8     8.9 
    32      8       37.3    13.7 
    32     16       57.5    17.8 
    32     32       92.5    22.1 
    32     64      162.8    25.2 
    32    128      307.4    26.7 
    32    256      602.2    27.2 
    32   1024     3962.8    16.5 
    32   4096    15564.5    16.8 
    64      1       29.2     4.4 
    64      2       31.8     8.1 
    64      4       41.7    12.3 
    64      8       58.9    17.4 
    64     16       91.9    22.3 
    64     32      157.6    26.0 
    64     64      298.0    27.5 
    64    128      587.8    27.9 
    64    256     1373.8    23.9 
    64   1024     7909.9    16.6 
    64   4096    31644.9    16.6 
    96      1       31.5     6.1 
    96      2       39.2     9.8 
    96      4       52.6    14.6 
    96      8       76.9    20.0 
    96     16      126.6    24.3 
    96     32      227.8    27.0 
    96     64      441.0    27.9 
    96    128      869.5    28.3 
    96    256     2999.3    16.4 
    96   1024    11918.8    16.5 
    96   4096    47937.8    16.4 
   128      1       38.5     6.7 
   128      2       48.1    10.6 
   128      4       65.5    15.6 
   128      8      108.4    18.9 
   128     16      168.5    24.3 
   128     32      306.6    26.7 
   128     64      606.7    27.0 
   128    128     1528.8    21.4 
   128    256     3940.3    16.6 
   128   1024    15782.7    16.6 
   128   4096    62284.0    16.8 
   192      1       50.2     7.7 
   192      2       62.8    12.2 
   192      4       87.7    17.5 
   192      8      139.3    22.1 
   192     16      241.8    25.4 
   192     32      447.9    27.4 
   192     64      896.8    27.4 
   192    128     3048.3    16.1 
   192    256     6122.1    16.1 
   192   1024    24155.5    16.3 
   192   4096    96838.8    16.2 
   256      1       64.0     8.0 
   256      2       80.1    12.8 
   256      4      113.0    18.1 
   256      8      181.7    22.5 
   256     16      318.9    25.7 
   256     32      594.4    27.6 
   256     64     1376.1    23.8 
   256    128     3935.0    16.7 
   256    256     7732.9    16.9 
   256   1024    30799.0    17.0 
   256   4096   124963.3    16.8 
   512      1      103.6     9.9 
   512      2      135.2    15.2 
   512      4      201.4    20.3 
   512      8      337.8    24.2 
   512     16      610.1    26.9 
   512     32     1348.2    24.3 
   512     64     4353.3    15.1 
   512    128     7612.6    17.2 
   512    256    15246.8    17.2 
   512   1024    60120.7    17.4 
   512   4096   369225.8    11.4 
  1024      1      189.4    10.8 
  1024      2      252.5    16.2 
  1024      4      370.2    22.1 
  1024      8      647.0    25.3 
  1024     16     1778.7    18.4 
  1024     32     5241.5    12.5 
  1024     64     9977.5    13.1 
  1024    128    16208.2    16.2 
  1024    256    32444.2    16.2 
  1024   1024   129754.8    16.2 
  1024   4096  1055089.6     8.0 
  2048      1      338.1    12.1 
  2048      2      459.9    17.8 
  2048      4      694.3    23.6 
  2048      8     1661.8    19.7 
  2048     16     5175.8    12.7 
  2048     32     9811.4    13.4 
  2048     64    19293.2    13.6 
  2048    128    45167.0    11.6 
  2048    256    90963.6    11.5 
  2048   1024   392852.6    10.7 
  2048   4096  2232814.8     7.5 
  4096      1      656.7    12.5 
  4096      2      915.4    17.9 
  4096      4     3258.3    10.1 
  4096      8     4166.5    15.7 
  4096     16    11092.2    11.8 
  4096     32    19689.5    13.3 
  4096     64    38449.2    13.6 
  4096    128    89807.6    11.7 
  4096    256   181138.5    11.6 
  4096   1024  1013268.7     8.3 
  4096   4096  4372075.0     7.7 
  8192      1     1364.3    12.0 
  8192      2     3008.6    10.9 
  8192      4     4514.3    14.5 
  8192      8     8924.9    14.7 
  8192     16    22453.0    11.7 
  8192     32    39483.2    13.3 
  8192     64    76983.5    13.6 
  8192    128   186898.1    11.2 
  8192    256   402061.7    10.4 
  8192   1024  2083291.7     8.1 
  8192   4096  8434597.0     8.0 
