# eigen_gemv_amx_all grid f64
# gemv eigen-amx-all f64
    16      1      532.2     0.1 
    16      2      557.3     0.1 
    16      4      526.3     0.2 
    16      8      532.1     0.5 
    16     16      533.3     1.0 
    16     32      572.7     1.8 
    16     64      740.8     2.8 
    16    128     1612.8     2.5 
    16    256     3306.0     2.5 
    16   1024     6258.2     5.2 
    16   4096    17677.2     7.4 
    32      1      521.7     0.1 
    32      2      558.5     0.2 
    32      4      539.7     0.5 
    32      8      506.8     1.0 
    32     16      584.2     1.8 
    32     32      574.0     3.6 
    32     64      815.4     5.0 
    32    128     1737.2     4.7 
    32    256     3543.5     4.6 
    32   1024     6941.3     9.4 
    32   4096    19735.5    13.3 
    64      1      515.8     0.2 
    64      2      545.2     0.5 
    64      4      557.3     0.9 
    64      8      544.0     1.9 
    64     16      500.4     4.1 
    64     32      596.2     6.9 
    64     64      937.2     8.7 
    64    128     1781.5     9.2 
    64    256     3588.2     9.1 
    64   1024     7339.7    17.9 
    64   4096    21570.9    24.3 
    96      1      559.7     0.3 
    96      2      570.9     0.7 
    96      4      562.3     1.4 
    96      8      507.1     3.0 
    96     16      554.2     5.5 
    96     32      592.8    10.4 
    96     64     1097.8    11.2 
    96    128     2060.1    11.9 
    96    256     4150.8    11.8 
    96   1024     9522.0    20.6 
    96   4096    29599.0    26.6 
   128      1      547.9     0.5 
   128      2      565.4     0.9 
   128      4      561.5     1.8 
   128      8      489.7     4.2 
   128     16      580.0     7.1 
   128     32      677.6    12.1 
   128     64     1144.8    14.3 
   128    128     2222.4    14.7 
   128    256     4409.2    14.9 
   128   1024    10386.0    25.2 
   128   4096    33231.2    31.6 
   192      1      555.0     0.7 
   192      2      562.6     1.4 
   192      4      555.3     2.8 
   192      8      492.4     6.2 
   192     16      564.0    10.9 
   192     32      765.1    16.1 
   192     64     1230.3    20.0 
   192    128     2380.3    20.6 
   192    256     4729.3    20.8 
   192   1024    11927.1    33.0 
   192   4096    37795.3    41.6 
   256      1      570.6     0.9 
   256      2      588.2     1.7 
   256      4      528.4     3.9 
   256      8      535.3     7.7 
   256     16      618.0    13.3 
   256     32      882.3    18.6 
   256     64     1350.8    24.3 
   256    128     2695.7    24.3 
   256    256     5321.3    24.6 
   256   1024    13692.6    38.3 
   256   4096    48583.9    43.2 
   512      1      529.7     1.9 
   512      2      520.2     3.9 
   512      4      523.3     7.8 
   512      8      659.3    12.4 
   512     16      824.5    19.9 
   512     32     1173.3    27.9 
   512     64     2015.0    32.5 
   512    128     3974.3    33.0 
   512    256     7821.6    33.5 
   512   1024    24063.5    43.6 
   512   4096   133323.7    31.5 
  1024      1      623.7     3.3 
  1024      2      649.0     6.3 
  1024      4      738.7    11.1 
  1024      8      911.9    18.0 
  1024     16     1242.2    26.4 
  1024     32     1962.3    33.4 
  1024     64     3457.0    37.9 
  1024    128     6634.4    39.5 
  1024    256    12886.7    40.7 
  1024   1024    41523.3    50.5 
  1024   4096   611666.7    13.7 
  2048      1      834.1     4.9 
  2048      2      888.1     9.2 
  2048      4     1083.0    15.1 
  2048      8     1393.2    23.5 
  2048     16     2132.6    30.7 
  2048     32     3428.2    38.2 
  2048     64     6112.8    42.9 
  2048    128    11893.4    44.1 
  2048    256    22695.9    46.2 
  2048   1024   136057.3    30.8 
  2048   4096  2088354.2     8.0 
  4096      1     1212.2     6.8 
  4096      2     1323.7    12.4 
  4096      4     1622.5    20.2 
  4096      8     2346.0    27.9 
  4096     16     3661.4    35.8 
  4096     32     6261.0    41.9 
  4096     64    11383.4    46.1 
  4096    128    21493.4    48.8 
  4096    256    40650.5    51.6 
  4096   1024   735849.7    11.4 
  4096   4096  5128020.8     6.5 
  8192      1     1974.1     8.3 
  8192      2     2203.6    14.9 
  8192      4     2823.4    23.2 
  8192      8     4103.8    31.9 
  8192     16     6757.5    38.8 
  8192     32    11937.3    43.9 
  8192     64    21505.1    48.8 
  8192    128    40331.9    52.0 
  8192    256   134689.0    31.1 
  8192   1024  2458574.1     6.8 
  8192   4096 10741833.0     6.2 
