# eigen_gemv_amx_nopf grid f64
# gemv eigen-amx-nopf f64
    16      1      566.1     0.1 
    16      2      532.0     0.1 
    16      4      515.4     0.2 
    16      8      543.1     0.5 
    16     16      601.8     0.9 
    16     32      529.7     1.9 
    16     64      783.1     2.6 
    16    128     1628.7     2.5 
    16    256     3387.7     2.4 
    16   1024     6285.2     5.2 
    16   4096    17755.0     7.4 
    32      1      526.2     0.1 
    32      2      529.3     0.2 
    32      4      563.0     0.5 
    32      8      561.4     0.9 
    32     16      532.2     1.9 
    32     32      524.8     3.9 
    32     64      793.7     5.2 
    32    128     1765.7     4.6 
    32    256     3540.4     4.6 
    32   1024     6949.4     9.4 
    32   4096    19823.5    13.2 
    64      1      542.2     0.2 
    64      2      569.8     0.4 
    64      4      543.8     0.9 
    64      8      546.7     1.9 
    64     16      531.7     3.9 
    64     32      541.7     7.6 
    64     64      914.6     9.0 
    64    128     1801.4     9.1 
    64    256     3588.7     9.1 
    64   1024     7269.2    18.0 
    64   4096    21473.5    24.4 
    96      1      521.8     0.4 
    96      2      529.4     0.7 
    96      4      506.7     1.5 
    96      8      511.6     3.0 
    96     16      492.5     6.2 
    96     32      613.2    10.0 
    96     64     1054.8    11.7 
    96    128     2067.6    11.9 
    96    256     4135.1    11.9 
    96   1024     9485.4    20.7 
    96   4096    29613.6    26.6 
   128      1      570.6     0.4 
   128      2      532.2     1.0 
   128      4      548.3     1.9 
   128      8      459.5     4.5 
   128     16      556.8     7.4 
   128     32      687.6    11.9 
   128     64     1177.0    13.9 
   128    128     2203.2    14.9 
   128    256     4411.4    14.9 
   128   1024    10422.9    25.2 
   128   4096    33239.1    31.5 
   192      1      544.8     0.7 
   192      2      537.3     1.4 
   192      4      522.3     2.9 
   192      8      467.1     6.6 
   192     16      610.5    10.1 
   192     32      782.0    15.7 
   192     64     1220.6    20.1 
   192    128     2393.4    20.5 
   192    256     4752.3    20.7 
   192   1024    11880.7    33.1 
   192   4096    37782.9    41.6 
   256      1      580.8     0.9 
   256      2      565.0     1.8 
   256      4      476.5     4.3 
   256      8      520.8     7.9 
   256     16      630.7    13.0 
   256     32      879.2    18.6 
   256     64     1347.7    24.3 
   256    128     2655.1    24.7 
   256    256     5266.7    24.9 
   256   1024    13693.2    38.3 
   256   4096    48537.7    43.2 
   512      1      484.4     2.1 
   512      2      482.1     4.2 
   512      4      545.3     7.5 
   512      8      694.5    11.8 
   512     16      896.5    18.3 
   512     32     1223.5    26.8 
   512     64     2091.9    31.3 
   512    128     4019.4    32.6 
   512    256     7802.9    33.6 
   512   1024    24167.6    43.4 
   512   4096   163773.7    25.6 
  1024      1      635.5     3.2 
  1024      2      650.9     6.3 
  1024      4      736.5    11.1 
  1024      8      944.4    17.3 
  1024     16     1291.3    25.4 
  1024     32     1953.0    33.6 
  1024     64     3451.7    38.0 
  1024    128     6634.1    39.5 
  1024    256    12933.3    40.5 
  1024   1024    41669.6    50.3 
  1024   4096   851993.1     9.8 
  2048      1      821.7     5.0 
  2048      2      906.2     9.0 
  2048      4     1050.3    15.6 
  2048      8     1382.2    23.7 
  2048     16     2084.5    31.4 
  2048     32     3382.0    38.8 
  2048     64     6216.9    42.2 
  2048    128    11931.2    43.9 
  2048    256    22767.6    46.1 
  2048   1024   223913.4    18.7 
  2048   4096  2673255.2     6.3 
  4096      1     1224.6     6.7 
  4096      2     1318.7    12.4 
  4096      4     1638.6    20.0 
  4096      8     2322.1    28.2 
  4096     16     3686.3    35.6 
  4096     32     6231.4    42.1 
  4096     64    11358.7    46.2 
  4096    128    21590.0    48.6 
  4096    256    40688.3    51.5 
  4096   1024  1366005.6     6.1 
  4096   4096  6342437.5     5.3 
  8192      1     1956.4     8.4 
  8192      2     2199.4    14.9 
  8192      4     2798.8    23.4 
  8192      8     4077.9    32.1 
  8192     16     6731.0    38.9 
  8192     32    11878.0    44.1 
  8192     64    21468.0    48.8 
  8192    128    40228.8    52.1 
  8192    256   238673.6    17.6 
  8192   1024  3448972.2     4.9 
  8192   4096 13750354.0     4.9 
