# eigen_gemv_amx grid f64
# gemv eigen-amx f64
    16      1       26.7     1.2 
    16      2       26.8     2.4 
    16      4       27.5     4.6 
    16      8       29.2     8.8 
    16     16       38.5    13.3 
    16     32       56.4    18.1 
    16     64       95.0    21.6 
    16    128      171.0    23.9 
    16    256      316.4    25.9 
    16   1024     1691.8    19.4 
    16   4096     7466.8    17.6 
    32      1       27.6     2.3 
    32      2       28.4     4.5 
    32      4       29.9     8.6 
    32      8       40.3    12.7 
    32     16       59.2    17.3 
    32     32       94.8    21.6 
    32     64      166.6    24.6 
    32    128      317.8    25.8 
    32    256      584.3    28.0 
    32   1024     4007.0    16.4 
    32   4096    15878.6    16.5 
    64      1       30.8     4.2 
    64      2       33.9     7.6 
    64      4       44.6    11.5 
    64      8       63.3    16.2 
    64     16       98.9    20.7 
    64     32      170.6    24.0 
    64     64      322.5    25.4 
    64    128      613.1    26.7 
    64    256     1469.6    22.3 
    64   1024     8457.2    15.5 
    64   4096    33349.9    15.7 
    96      1       35.4     5.4 
    96      2       43.8     8.8 
    96      4       57.1    13.5 
    96      8       83.5    18.4 
    96     16      136.3    22.5 
    96     32      242.1    25.4 
    96     64      472.9    26.0 
    96    128      918.9    26.7 
    96    256     4145.6    11.9 
    96   1024     9518.0    20.7 
    96   4096    29543.2    26.6 
   128      1       40.5     6.3 
   128      2       50.9    10.1 
   128      4       68.1    15.0 
   128      8      102.8    19.9 
   128     16      173.3    23.6 
   128     32      312.7    26.2 
   128     64      618.6    26.5 
   128    128     2193.1    14.9 
   128    256     4419.9    14.8 
   128   1024    10391.8    25.2 
   128   4096    33345.3    31.4 
   192      1       49.8     7.7 
   192      2       64.8    11.9 
   192      4       90.2    17.0 
   192      8      142.2    21.6 
   192     16      247.5    24.8 
   192     32      457.9    26.8 
   192     64      836.9    29.4 
   192    128     2417.7    20.3 
   192    256     4770.1    20.6 
   192   1024    11984.1    32.8 
   192   4096    37807.9    41.6 
   256      1       58.7     8.7 
   256      2       76.5    13.4 
   256      4      108.2    18.9 
   256      8      175.6    23.3 
   256     16      309.8    26.4 
   256     32      575.1    28.5 
   256     64     1366.8    24.0 
   256    128     2684.7    24.4 
   256    256     5315.9    24.7 
   256   1024    13696.2    38.3 
   256   4096    52384.1    40.0 
   512      1       98.6    10.4 
   512      2      133.9    15.3 
   512      4      196.9    20.8 
   512      8      330.5    24.8 
   512     16      596.3    27.5 
   512     32     1185.2    27.6 
   512     64     2025.3    32.4 
   512    128     4021.5    32.6 
   512    256     7899.3    33.2 
   512   1024    24128.8    43.5 
   512   4096   131914.5    31.8 
  1024      1      183.0    11.2 
  1024      2      250.3    16.4 
  1024      4      369.7    22.2 
  1024      8      637.0    25.7 
  1024     16     1306.6    25.1 
  1024     32     1942.1    33.7 
  1024     64     3425.9    38.3 
  1024    128     6699.5    39.1 
  1024    256    12963.6    40.4 
  1024   1024    41702.9    50.3 
  1024   4096   578533.3    14.5 
  2048      1      356.6    11.5 
  2048      2      483.6    16.9 
  2048      4      718.0    22.8 
  2048      8     1449.2    22.6 
  2048     16     2107.1    31.1 
  2048     32     3431.5    38.2 
  2048     64     6220.8    42.1 
  2048    128    11898.5    44.1 
  2048    256    22855.0    45.9 
  2048   1024   135453.8    31.0 
  2048   4096  2109995.8     8.0 
  4096      1      691.5    11.8 
  4096      2      973.8    16.8 
  4096      4     1737.3    18.9 
  4096      8     2385.7    27.5 
  4096     16     3679.6    35.6 
  4096     32     6273.3    41.8 
  4096     64    11368.8    46.1 
  4096    128    21392.8    49.0 
  4096    256    46227.7    45.4 
  4096   1024   671219.4    12.5 
  4096   4096  5311802.0     6.3 
  8192      1     1384.8    11.8 
  8192      2     2280.0    14.4 
  8192      4     2883.0    22.7 
  8192      8     4137.6    31.7 
  8192     16     6792.5    38.6 
  8192     32    11911.1    44.0 
  8192     64    21519.1    48.7 
  8192    128    44690.0    46.9 
  8192    256   140128.2    29.9 
  8192   1024  2521817.6     6.7 
  8192   4096 10565958.0     6.4 
