# 2026-09-22 22:22:29 load before: { 3.01 3.32 4.60 }
# all row mt f32 beta=0 online=1 x4=1 heap=1 model=1 shape=0 cdirect=0 pack4=0 pf=0 threads=1
 0   512   512   512   1683  err/sqrtK=0.0e+00
 0  1000  1000  1000   1572  err/sqrtK=0.0e+00
 0  1024  1024  1024   1619  err/sqrtK=0.0e+00
 0  2048  2048  2048   1434  err/sqrtK=0.0e+00
 0  3000  3000  3000   1438  err/sqrtK=0.0e+00
 0  4096  4096  4096   1388  err/sqrtK=0.0e+00
 1    64  2112  7168   1005  err/sqrtK=0.0e+00
 2    64 24576  1536    770  err/sqrtK=0.0e+00
 3    64 32768   512    830  err/sqrtK=0.0e+00
 4    64  7168 16384    851  err/sqrtK=0.0e+00
 5    64  4096  7168    869  err/sqrtK=0.0e+00
 6    64  7168  2048    836  err/sqrtK=0.0e+00
 7   128  2112  7168   1261  err/sqrtK=0.0e+00
 8   128 24576  1536   1024  err/sqrtK=0.0e+00
 9   128 32768   512   1089  err/sqrtK=0.0e+00
10   128  7168 16384   1088  err/sqrtK=0.0e+00
11   128  4096  7168   1143  err/sqrtK=0.0e+00
12   128  7168  2048   1105  err/sqrtK=0.0e+00
13  4096  2112  7168   1495  err/sqrtK=0.0e+00
14  4096 24576  1536   1425  err/sqrtK=0.0e+00
15  4096 32768   512   1551  err/sqrtK=0.0e+00
16  4096  7168 16384   1382  err/sqrtK=0.0e+00
17  4096  4096  7168   1382  err/sqrtK=0.0e+00
18  4096  7168  2048   1384  err/sqrtK=0.0e+00
19  4096   256  4096   1314  err/sqrtK=0.0e+00
20 11008   256  4096   1308  err/sqrtK=0.0e+00
21  4096   256 11008   1310  err/sqrtK=0.0e+00
22  5120   256  5120   1397  err/sqrtK=0.0e+00
23 13824   256  5120   1402  err/sqrtK=0.0e+00
24  5120   256 13824   1351  err/sqrtK=0.0e+00
# load after: { 3.01 3.30 4.56 }
