# 2026-09-22 22:23:34 load before: { 3.25 3.31 4.50 }
# all col mt f32 beta=1 online=1 x4=1 heap=1 model=1 shape=0 cdirect=0 pack4=0 pf=0 threads=1
 0   512   512   512   1628  err/sqrtK=0.0e+00
 0  1000  1000  1000   1510  err/sqrtK=0.0e+00
 0  1024  1024  1024   1560  err/sqrtK=0.0e+00
 0  2048  2048  2048   1389  err/sqrtK=0.0e+00
 0  3000  3000  3000   1385  err/sqrtK=0.0e+00
 0  4096  4096  4096   1366  err/sqrtK=0.0e+00
 1    64  2112  7168    774  err/sqrtK=0.0e+00
 2    64 24576  1536    848  err/sqrtK=0.0e+00
 3    64 32768   512    736  err/sqrtK=0.0e+00
 4    64  7168 16384    647  err/sqrtK=0.0e+00
 5    64  4096  7168    763  err/sqrtK=0.0e+00
 6    64  7168  2048    783  err/sqrtK=0.0e+00
 7   128  2112  7168   1115  err/sqrtK=0.0e+00
 8   128 24576  1536   1113  err/sqrtK=0.0e+00
 9   128 32768   512    938  err/sqrtK=0.0e+00
10   128  7168 16384    894  err/sqrtK=0.0e+00
11   128  4096  7168   1092  err/sqrtK=0.0e+00
12   128  7168  2048   1081  err/sqrtK=0.0e+00
13  4096  2112  7168   1373  err/sqrtK=0.0e+00
14  4096 24576  1536   1331  err/sqrtK=0.0e+00
15  4096 32768   512   1239  err/sqrtK=0.0e+00
16  4096  7168 16384   1377  err/sqrtK=0.0e+00
17  4096  4096  7168   1382  err/sqrtK=0.0e+00
18  4096  7168  2048   1355  err/sqrtK=0.0e+00
19  4096   256  4096   1296  err/sqrtK=0.0e+00
20 11008   256  4096   1285  err/sqrtK=0.0e+00
21  4096   256 11008   1347  err/sqrtK=0.0e+00
22  5120   256  5120   1267  err/sqrtK=0.0e+00
23 13824   256  5120   1250  err/sqrtK=0.0e+00
24  5120   256 13824   1253  err/sqrtK=0.0e+00
# load after: { 3.76 3.43 4.51 }
