# 2026-09-22 22:22:53 load before: { 3.01 3.30 4.56 }
# all row mt f32 beta=0 online=1 x4=1 heap=1 model=1 shape=0 cdirect=2 pack4=1 pf=7 threads=1
 0   512   512   512   1764  err/sqrtK=0.0e+00
 0  1000  1000  1000   1702  err/sqrtK=0.0e+00
 0  1024  1024  1024   1752  err/sqrtK=0.0e+00
 0  2048  2048  2048   1629  err/sqrtK=0.0e+00
 0  3000  3000  3000   1572  err/sqrtK=0.0e+00
 0  4096  4096  4096   1595  err/sqrtK=0.0e+00
 1    64  2112  7168   1223  err/sqrtK=0.0e+00
 2    64 24576  1536    930  err/sqrtK=0.0e+00
 3    64 32768   512    906  err/sqrtK=0.0e+00
 4    64  7168 16384    978  err/sqrtK=0.0e+00
 5    64  4096  7168    964  err/sqrtK=0.0e+00
 6    64  7168  2048    986  err/sqrtK=0.0e+00
 7   128  2112  7168   1462  err/sqrtK=0.0e+00
 8   128 24576  1536   1221  err/sqrtK=0.0e+00
 9   128 32768   512   1196  err/sqrtK=0.0e+00
10   128  7168 16384   1247  err/sqrtK=0.0e+00
11   128  4096  7168   1263  err/sqrtK=0.0e+00
12   128  7168  2048   1266  err/sqrtK=0.0e+00
13  4096  2112  7168   1733  err/sqrtK=0.0e+00
14  4096 24576  1536   1607  err/sqrtK=0.0e+00
15  4096 32768   512   1616  err/sqrtK=0.0e+00
16  4096  7168 16384   1676  err/sqrtK=0.0e+00
17  4096  4096  7168   1608  err/sqrtK=0.0e+00
18  4096  7168  2048   1627  err/sqrtK=0.0e+00
19  4096   256  4096   1484  err/sqrtK=0.0e+00
20 11008   256  4096   1491  err/sqrtK=0.0e+00
21  4096   256 11008   1529  err/sqrtK=0.0e+00
22  5120   256  5120   1551  err/sqrtK=0.0e+00
23 13824   256  5120   1527  err/sqrtK=0.0e+00
24  5120   256 13824   1509  err/sqrtK=0.0e+00
# load after: { 2.92 3.26 4.51 }
