# 2026-09-22 22:23:58 load before: { 3.76 3.43 4.51 }
# all col mt f32 beta=1 online=1 x4=1 heap=1 model=1 shape=0 cdirect=2 pack4=1 pf=7 threads=1
 0   512   512   512   1725  err/sqrtK=0.0e+00
 0  1000  1000  1000   1597  err/sqrtK=0.0e+00
 0  1024  1024  1024   1719  err/sqrtK=0.0e+00
 0  2048  2048  2048   1637  err/sqrtK=0.0e+00
 0  3000  3000  3000   1535  err/sqrtK=0.0e+00
 0  4096  4096  4096   1605  err/sqrtK=0.0e+00
 1    64  2112  7168   1045  err/sqrtK=0.0e+00
 2    64 24576  1536   1082  err/sqrtK=0.0e+00
 3    64 32768   512    987  err/sqrtK=0.0e+00
 4    64  7168 16384   1010  err/sqrtK=0.0e+00
 5    64  4096  7168   1031  err/sqrtK=0.0e+00
 6    64  7168  2048   1086  err/sqrtK=0.0e+00
 7   128  2112  7168   1316  err/sqrtK=0.0e+00
 8   128 24576  1536   1376  err/sqrtK=0.0e+00
 9   128 32768   512   1267  err/sqrtK=0.0e+00
10   128  7168 16384   1257  err/sqrtK=0.0e+00
11   128  4096  7168   1335  err/sqrtK=0.0e+00
12   128  7168  2048   1385  err/sqrtK=0.0e+00
13  4096  2112  7168   1604  err/sqrtK=0.0e+00
14  4096 24576  1536   1614  err/sqrtK=0.0e+00
15  4096 32768   512   1621  err/sqrtK=0.0e+00
16  4096  7168 16384   1605  err/sqrtK=0.0e+00
17  4096  4096  7168   1612  err/sqrtK=0.0e+00
18  4096  7168  2048   1608  err/sqrtK=0.0e+00
19  4096   256  4096   1482  err/sqrtK=0.0e+00
20 11008   256  4096   1538  err/sqrtK=0.0e+00
21  4096   256 11008   1476  err/sqrtK=0.0e+00
22  5120   256  5120   1487  err/sqrtK=0.0e+00
23 13824   256  5120   1480  err/sqrtK=0.0e+00
24  5120   256 13824   1482  err/sqrtK=0.0e+00
# load after: { 3.56 3.40 4.47 }
