# eigen_gemv_amx_all grid f64
# gemv eigen-amx-all f64
    16      1      530.4     0.1 
    16      2      527.1     0.1 
    16      4      554.9     0.2 
    16      8      509.8     0.5 
    16     16      544.4     0.9 
    16     32      585.4     1.7 
    16     64      760.1     2.7 
    16    128     1625.1     2.5 
    16    256     3313.4     2.5 
    16   1024     6222.9     5.3 
    16   4096    17718.8     7.4 
    32      1      548.4     0.1 
    32      2      548.2     0.2 
    32      4      536.8     0.5 
    32      8      525.8     1.0 
    32     16      574.7     1.8 
    32     32      552.3     3.7 
    32     64      832.0     4.9 
    32    128     1685.1     4.9 
    32    256     3546.0     4.6 
    32   1024     6939.5     9.4 
    32   4096    19792.5    13.2 
    64      1      554.3     0.2 
    64      2      560.5     0.5 
    64      4      557.5     0.9 
    64      8      536.2     1.9 
    64     16      498.6     4.1 
    64     32      582.2     7.0 
    64     64      938.5     8.7 
    64    128     1807.3     9.1 
    64    256     3588.4     9.1 
    64   1024     7333.0    17.9 
    64   4096    21547.9    24.3 
    96      1      550.9     0.3 
    96      2      568.8     0.7 
    96      4      549.3     1.4 
    96      8      532.9     2.9 
    96     16      583.0     5.3 
    96     32      649.6     9.5 
    96     64     1046.9    11.7 
    96    128     2080.0    11.8 
    96    256     4147.8    11.9 
    96   1024     9567.7    20.5 
    96   4096    29814.6    26.4 
   128      1      550.9     0.5 
   128      2      539.3     0.9 
   128      4      538.3     1.9 
   128      8      519.5     3.9 
   128     16      574.5     7.1 
   128     32      673.1    12.2 
   128     64     1135.3    14.4 
   128    128     2220.0    14.8 
   128    256     4418.0    14.8 
   128   1024    10461.5    25.1 
   128   4096    33501.3    31.3 
   192      1      550.0     0.7 
   192      2      555.8     1.4 
   192      4      540.8     2.8 
   192      8      471.0     6.5 
   192     16      541.9    11.3 
   192     32      760.6    16.2 
   192     64     1214.3    20.2 
   192    128     2392.8    20.5 
   192    256     4761.7    20.6 
   192   1024    12019.1    32.7 
   192   4096    38316.8    41.0 
   256      1      551.9     0.9 
   256      2      530.1     1.9 
   256      4      480.5     4.3 
   256      8      504.2     8.1 
   256     16      638.2    12.8 
   256     32      861.7    19.0 
   256     64     1334.3    24.6 
   256    128     2652.6    24.7 
   256    256     5297.6    24.7 
   256   1024    13775.5    38.1 
   256   4096    48996.8    42.8 
   512      1      502.8     2.0 
   512      2      521.1     3.9 
   512      4      536.7     7.6 
   512      8      687.2    11.9 
   512     16      878.2    18.7 
   512     32     1203.4    27.2 
   512     64     2045.5    32.0 
   512    128     4004.4    32.7 
   512    256     7863.1    33.3 
   512   1024    24118.0    43.5 
   512   4096   132758.8    31.6 
  1024      1      597.6     3.4 
  1024      2      647.5     6.3 
  1024      4      737.3    11.1 
  1024      8      972.8    16.8 
  1024     16     1252.8    26.2 
  1024     32     1935.7    33.9 
  1024     64     3400.9    38.5 
  1024    128     6666.7    39.3 
  1024    256    12929.6    40.5 
  1024   1024    41602.7    50.4 
  1024   4096   615064.4    13.6 
  2048      1      812.4     5.0 
  2048      2      886.5     9.2 
  2048      4     1068.4    15.3 
  2048      8     1435.0    22.8 
  2048     16     2054.4    31.9 
  2048     32     3361.5    39.0 
  2048     64     6162.8    42.5 
  2048    128    11836.7    44.3 
  2048    256    22670.7    46.3 
  2048   1024   133242.8    31.5 
  2048   4096  2072991.6     8.1 
  4096      1     1215.4     6.7 
  4096      2     1353.9    12.1 
  4096      4     1698.9    19.3 
  4096      8     2344.1    28.0 
  4096     16     3663.2    35.8 
  4096     32     6276.9    41.8 
  4096     64    11420.5    45.9 
  4096    128    21459.4    48.9 
  4096    256    46114.4    45.5 
  4096   1024   641031.2    13.1 
  4096   4096  5276677.2     6.4 
  8192      1     1954.3     8.4 
  8192      2     2222.2    14.7 
  8192      4     2783.8    23.5 
  8192      8     4177.2    31.4 
  8192     16     6780.3    38.7 
  8192     32    11851.2    44.2 
  8192     64    21445.0    48.9 
  8192    128    41036.1    51.1 
  8192    256   134178.3    31.3 
  8192   1024  2525125.0     6.6 
  8192   4096 10304750.0     6.5 
