# eigen_gemv_amx_all grid
# gemv eigen-amx-all f32
    16      1      530.0     0.1 
    16      2      520.9     0.1 
    16      4      529.8     0.2 
    16      8      514.7     0.5 
    16     16      535.6     1.0 
    16     32      584.5     1.8 
    16     64      751.1     2.7 
    16    128     1532.7     2.7 
    16    256     3033.3     2.7 
    16   1024     7210.8     4.5 
    16   4096    28453.5     4.6 
    32      1      527.7     0.1 
    32      2      542.4     0.2 
    32      4      514.9     0.5 
    32      8      542.3     0.9 
    32     16      536.7     1.9 
    32     32      557.7     3.7 
    32     64      756.7     5.4 
    32    128     1552.3     5.3 
    32    256     2729.6     6.0 
    32   1024     4728.3    13.9 
    32   4096    31794.9     8.2 
    64      1      622.2     0.2 
    64      2      621.8     0.4 
    64      4      612.2     0.8 
    64      8      583.2     1.8 
    64     16      562.7     3.6 
    64     32      546.5     7.5 
    64     64      836.8     9.8 
    64    128     1695.2     9.7 
    64    256     2605.8    12.6 
    64   1024     7091.3    18.5 
    64   4096    25007.8    21.0 
    96      1      590.5     0.3 
    96      2      528.4     0.7 
    96      4      540.6     1.4 
    96      8      538.0     2.9 
    96     16      472.0     6.5 
    96     32      647.0     9.5 
    96     64      855.2    14.4 
    96    128     1532.4    16.0 
    96    256     1959.0    25.1 
    96   1024     9980.1    19.7 
    96   4096    24942.1    31.5 
   128      1      573.2     0.4 
   128      2      521.6     1.0 
   128      4      553.1     1.9 
   128      8      522.8     3.9 
   128     16      527.2     7.8 
   128     32      557.7    14.7 
   128     64      962.8    17.0 
   128    128     1681.8    19.5 
   128    256     2309.2    28.4 
   128   1024     6542.5    40.1 
   128   4096    31714.1    33.1 
   192      1      653.6     0.6 
   192      2      559.7     1.4 
   192      4      678.4     2.3 
   192      8      591.5     5.2 
   192     16      573.1    10.7 
   192     32      645.8    19.0 
   192     64     1091.6    22.5 
   192    128     1718.7    28.6 
   192    256     2420.8    40.6 
   192   1024     9887.7    39.8 
   192   4096    36292.8    43.3 
   256      1      609.0     0.8 
   256      2      558.3     1.8 
   256      4      525.5     3.9 
   256      8      498.1     8.2 
   256     16      587.2    14.0 
   256     32      832.5    19.7 
   256     64     1022.5    32.0 
   256    128     1441.7    45.5 
   256    256     2500.0    52.4 
   256   1024    11464.5    45.7 
   256   4096    36605.0    57.3 
   512      1      571.4     1.8 
   512      2      536.1     3.8 
   512      4      470.9     8.7 
   512      8      553.3    14.8 
   512     16      663.3    24.7 
   512     32      887.2    36.9 
   512     64     1289.5    50.8 
   512    128     2566.0    51.1 
   512    256     4248.2    61.7 
   512   1024    14818.6    70.8 
   512   4096    61371.9    68.3 
  1024      1      565.5     3.6 
  1024      2      500.4     8.2 
  1024      4      594.4    13.8 
  1024      8      650.5    25.2 
  1024     16      900.8    36.4 
  1024     32     1176.0    55.7 
  1024     64     1976.1    66.3 
  1024    128     3247.0    80.7 
  1024    256     6101.2    85.9 
  1024   1024    22057.8    95.1 
  1024   4096   133346.9    62.9 
  2048      1      606.7     6.8 
  2048      2      695.1    11.8 
  2048      4      734.8    22.3 
  2048      8      958.2    34.2 
  2048     16     1236.4    53.0 
  2048     32     1869.4    70.1 
  2048     64     3383.2    77.5 
  2048    128     5954.2    88.1 
  2048    256    11016.5    95.2 
  2048   1024    41168.0   101.9 
  2048   4096   618493.7    27.1 
  4096      1      807.8    10.1 
  4096      2      930.7    17.6 
  4096      4     1064.1    30.8 
  4096      8     1393.4    47.0 
  4096     16     2036.0    64.4 
  4096     32     3413.8    76.8 
  4096     64     6002.2    87.3 
  4096    128    11035.7    95.0 
  4096    256    20942.5   100.1 
  4096   1024   135487.6    61.9 
  4096   4096  2167829.2    15.5 
  8192      1     1121.5    14.6 
  8192      2     1283.8    25.5 
  8192      4     1597.8    41.0 
  8192      8     2289.5    57.2 
  8192     16     3618.7    72.4 
  8192     32     6303.8    83.2 
  8192     64    11285.1    92.9 
  8192    128    20942.5   100.1 
  8192    256    39539.2   106.1 
  8192   1024   730714.3    23.0 
  8192   4096  5047698.0    13.3 
