# eigen_gemv_neon grid
# gemv eigen-neon f32
    16      1       24.6     1.3 
    16      2       25.3     2.5 
    16      4       26.7     4.8 
    16      8       28.2     9.1 
    16     16       38.2    13.4 
    16     32       57.4    17.8 
    16     64       79.5    25.7 
    16    128      120.0    34.1 
    16    256      215.2    38.1 
    16   1024      788.3    41.6 
    16   4096     4359.8    30.1 
    32      1       25.4     2.5 
    32      2       25.8     5.0 
    32      4       27.0     9.5 
    32      8       29.4    17.4 
    32     16       36.6    28.0 
    32     32       55.4    37.0 
    32     64       93.6    43.8 
    32    128      170.2    48.1 
    32    256      308.5    53.1 
    32   1024     1484.2    44.2 
    32   4096     7093.0    37.0 
    64      1       26.7     4.8 
    64      2       27.3     9.4 
    64      4       29.1    17.6 
    64      8       37.5    27.3 
    64     16       59.0    34.7 
    64     32       94.7    43.3 
    64     64      165.4    49.5 
    64    128      302.7    54.1 
    64    256      579.9    56.5 
    64   1024     3926.9    33.4 
    64   4096    15331.6    34.2 
    96      1       27.8     6.9 
    96      2       28.9    13.3 
    96      4       35.9    21.4 
    96      8       50.1    30.7 
    96     16       75.5    40.7 
    96     32      126.3    48.6 
    96     64      232.7    52.8 
    96    128      422.7    58.1 
    96    256      820.7    59.9 
    96   1024     5938.9    33.1 
    96   4096    23930.0    32.9 
   128      1       28.7     8.9 
   128      2       32.3    15.8 
   128      4       42.3    24.2 
   128      8       59.6    34.4 
   128     16       92.9    44.1 
   128     32      159.8    51.3 
   128     64      301.0    54.4 
   128    128      570.5    57.4 
   128    256     1298.8    50.5 
   128   1024     7927.7    33.1 
   128   4096    31349.6    33.4 
   192      1       32.4    11.8 
   192      2       40.3    19.1 
   192      4       53.4    28.8 
   192      8       77.6    39.6 
   192     16      126.5    48.6 
   192     32      227.0    54.1 
   192     64      438.6    56.0 
   192    128      832.5    59.0 
   192    256     3035.2    32.4 
   192   1024    11950.9    32.9 
   192   4096    47985.8    32.8 
   256      1       38.1    13.4 
   256      2       47.0    21.8 
   256      4       63.5    32.3 
   256      8       95.4    42.9 
   256     16      160.1    51.2 
   256     32      293.9    55.8 
   256     64      576.7    56.8 
   256    128     1423.6    46.0 
   256    256     3806.4    34.4 
   256   1024    14930.2    35.1 
   256   4096    60068.2    34.9 
   512      1       57.5    17.8 
   512      2       72.3    28.3 
   512      4      102.4    40.0 
   512      8      167.1    49.0 
   512     16      292.2    56.1 
   512     32      560.6    58.4 
   512     64     1214.7    54.0 
   512    128     3740.2    35.0 
   512    256     7335.8    35.7 
   512   1024    29499.6    35.5 
   512   4096   119830.8    35.0 
  1024      1       97.1    21.1 
  1024      2      125.1    32.7 
  1024      4      182.3    44.9 
  1024      8      304.4    53.8 
  1024     16      553.2    59.2 
  1024     32     1478.3    44.3 
  1024     64     4552.8    28.8 
  1024    128     7344.6    35.7 
  1024    256    14452.8    36.3 
  1024   1024    57499.9    36.5 
  1024   4096   321713.0    26.1 
  2048      1      175.7    23.3 
  2048      2      232.2    35.3 
  2048      4      341.4    48.0 
  2048      8      587.2    55.8 
  2048     16     1589.8    41.2 
  2048     32     4508.3    29.1 
  2048     64     9546.7    27.5 
  2048    128    15569.0    33.7 
  2048    256    31170.6    33.6 
  2048   1024   125760.4    33.4 
  2048   4096   918971.6    18.3 
  4096      1      337.5    24.3 
  4096      2      446.2    36.7 
  4096      4      657.1    49.9 
  4096      8     1597.9    41.0 
  4096     16     5309.0    24.7 
  4096     32    10069.1    26.0 
  4096     64    19687.7    26.6 
  4096    128    45130.1    23.2 
  4096    256    90079.2    23.3 
  4096   1024   368861.4    22.7 
  4096   4096  2065475.0    16.2 
  8192      1      656.6    25.0 
  8192      2      871.6    37.6 
  8192      4     3263.5    20.1 
  8192      8     4223.7    31.0 
  8192     16    11079.1    23.7 
  8192     32    19636.3    26.7 
  8192     64    38389.6    27.3 
  8192    128    89926.6    23.3 
  8192    256   182058.0    23.0 
  8192   1024   954230.2    17.6 
  8192   4096  4035283.2    16.6 
