# eigen_gemv_neon grid f64
# gemv eigen-neon f64
    16      1       25.8     1.2 
    16      2       25.8     2.5 
    16      4       26.5     4.8 
    16      8       28.3     9.0 
    16     16       36.7    14.0 
    16     32       55.7    18.4 
    16     64       93.9    21.8 
    16    128      167.5    24.5 
    16    256      309.9    26.4 
    16   1024     1710.2    19.2 
    16   4096     7212.7    18.2 
    32      1       29.7     2.2 
    32      2       27.5     4.7 
    32      4       28.8     8.9 
    32      8       38.9    13.2 
    32     16       58.1    17.6 
    32     32       92.8    22.1 
    32     64      163.3    25.1 
    32    128      305.6    26.8 
    32    256      586.7    27.9 
    32   1024     3985.7    16.4 
    32   4096    15562.6    16.8 
    64      1       29.2     4.4 
    64      2       30.8     8.3 
    64      4       41.6    12.3 
    64      8       58.9    17.4 
    64     16       91.9    22.3 
    64     32      158.2    25.9 
    64     64      295.8    27.7 
    64    128      569.0    28.8 
    64    256     1287.2    25.5 
    64   1024     8007.7    16.4 
    64   4096    31986.7    16.4 
    96      1       31.6     6.1 
    96      2       39.3     9.8 
    96      4       52.8    14.5 
    96      8       77.3    19.9 
    96     16      125.2    24.5 
    96     32      221.9    27.7 
    96     64      427.0    28.8 
    96    128      829.0    29.6 
    96    256     3039.4    16.2 
    96   1024    11920.3    16.5 
    96   4096    47637.4    16.5 
   128      1       37.2     6.9 
   128      2       46.2    11.1 
   128      4       62.2    16.5 
   128      8       94.0    21.8 
   128     16      158.4    25.9 
   128     32      286.1    28.6 
   128     64      566.5    28.9 
   128    128     1449.4    22.6 
   128    256     3816.8    17.2 
   128   1024    15123.7    17.3 
   128   4096    60814.7    17.2 
   192      1       47.0     8.2 
   192      2       58.7    13.1 
   192      4       82.1    18.7 
   192      8      129.5    23.7 
   192     16      224.4    27.4 
   192     32      412.8    29.8 
   192     64      830.1    29.6 
   192    128     2981.7    16.5 
   192    256     5789.1    17.0 
   192   1024    22925.4    17.2 
   192   4096    92403.6    17.0 
   256      1       55.4     9.2 
   256      2       71.3    14.4 
   256      4      101.5    20.2 
   256      8      164.2    24.9 
   256     16      289.4    28.3 
   256     32      542.5    30.2 
   256     64     1183.7    27.7 
   256    128     3792.1    17.3 
   256    256     7435.2    17.6 
   256   1024    29858.8    17.6 
   256   4096   119994.0    17.5 
   512      1       95.4    10.7 
   512      2      124.1    16.5 
   512      4      182.2    22.5 
   512      8      306.9    26.7 
   512     16      557.1    29.4 
   512     32     1498.9    21.9 
   512     64     4129.9    15.9 
   512    128     7308.9    17.9 
   512    256    14483.0    18.1 
   512   1024    57838.4    18.1 
   512   4096   352615.5    11.9 
  1024      1      174.3    11.7 
  1024      2      232.9    17.6 
  1024      4      342.6    23.9 
  1024      8      592.7    27.6 
  1024     16     1574.6    20.8 
  1024     32     5082.1    12.9 
  1024     64     9702.9    13.5 
  1024    128    15583.7    16.8 
  1024    256    31278.0    16.8 
  1024   1024   126347.7    16.6 
  1024   4096  1029137.5     8.2 
  2048      1      335.5    12.2 
  2048      2      444.5    18.4 
  2048      4      666.8    24.6 
  2048      8     1599.0    20.5 
  2048     16     5308.9    12.3 
  2048     32     9856.7    13.3 
  2048     64    19242.5    13.6 
  2048    128    45468.0    11.5 
  2048    256    90723.8    11.6 
  2048   1024   391535.3    10.7 
  2048   4096  2223166.7     7.5 
  4096      1      650.0    12.6 
  4096      2      865.0    18.9 
  4096      4     3273.4    10.0 
  4096      8     4191.8    15.6 
  4096     16    11018.0    11.9 
  4096     32    19531.4    13.4 
  4096     64    38216.3    13.7 
  4096    128    88867.3    11.8 
  4096    256   179551.7    11.7 
  4096   1024  1008437.5     8.3 
  4096   4096  4404050.0     7.6 
  8192      1     1335.4    12.3 
  8192      2     2836.2    11.6 
  8192      4     4318.3    15.2 
  8192      8     8582.3    15.3 
  8192     16    22307.1    11.8 
  8192     32    39260.0    13.4 
  8192     64    78331.1    13.4 
  8192    128   186724.9    11.2 
  8192    256   397759.0    10.5 
  8192   1024  2047733.3     8.2 
  8192   4096  8382583.3     8.0 
