# 2026-10-01 21:51:13 load before: { 2.56 2.40 2.32 } VECLIB_MAXIMUM_THREADS=default
# thin col accel f32 beta=1
 0     1  4096  4096    102
 0     4  4096  4096     80
 0     8  4096  4096    311
 0    16  4096  4096    628
 0    32  4096  4096   1235
 0    64  4096  4096   1884
 0  4096     1  4096     95
 0  4096     4  4096     49
 0  4096     8  4096    192
 0  4096    16  4096    380
 0  4096    32  4096    746
 0  4096    64  4096   1333
 0     8     8  4096     51
 0    16    16  4096    309
 0    32    32  4096    730
# load after: { 2.51 2.40 2.32 } other benchmarks seen: 0
