# 2026-10-01 21:50:24 load before: { 2.42 2.35 2.30 } VECLIB_MAXIMUM_THREADS=default
# small col accel f32 beta=1
 0     4     4     4      5
 0     8     8     8     24
 0    12    12    12     27
 0    16    16    16     48
 0    24    24    24    110
 0    32    32    32    303
 0    48    48    48    520
 0    64    64    64    933
 0    96    96    96   1252
 0   128   128   128   1434
 0   192   192   192   1598
 0   256   256   256   1694
 0   384   384   384   1790
# load after: { 2.47 2.36 2.31 } other benchmarks seen: 0
