# 2026-10-01 21:46:23 load before: { 1.79 2.38 2.30 } VECLIB_MAXIMUM_THREADS=default
# all col accel f32 beta=1
 0   512   512   512   2570
 0  1000  1000  1000   3312
 0  1024  1024  1024   2913
 0  2048  2048  2048   3252
 0  3000  3000  3000   3051
 0  4096  4096  4096   2743
 1    64  2112  7168   1746
 2    64 24576  1536   2134
 3    64 32768   512   1758
 4    64  7168 16384   1864
 5    64  4096  7168   1891
 6    64  7168  2048   1897
 7   128  2112  7168   2590
 8   128 24576  1536   2645
 9   128 32768   512   2241
10   128  7168 16384   2487
11   128  4096  7168   2531
12   128  7168  2048   2564
13  4096  2112  7168   2840
14  4096 24576  1536   3245
15  4096 32768   512   2714
16  4096  7168 16384   3274
17  4096  4096  7168   3108
18  4096  7168  2048   3021
19  4096   256  4096   2264
20 11008   256  4096   2775
21  4096   256 11008   2344
22  5120   256  5120   2265
23 13824   256  5120   2792
24  5120   256 13824   2468
# load after: { 1.69 2.32 2.28 } other benchmarks seen: 0
