# 2026-10-01 22:02:52 load before: { 1.97 2.20 2.26 } VECLIB_MAXIMUM_THREADS=default
# grid4096 row accel f32 beta=0
 0     4     4  4096     13
 0     4     8  4096     26
 0     4    16  4096     60
 0     4    32  4096    120
 0     4    64  4096    211
 0     4   128  4096    297
 0     4   256  4096    356
 0     4   512  4096    380
 0     4  1024  4096     67
 0     4  2048  4096     52
 0     4  4096  4096     49
 0     8     4  4096     27
 0     8     8  4096     48
 0     8    16  4096    119
 0     8    32  4096    240
 0     8    64  4096    465
 0     8   128  4096    595
 0     8   256  4096    782
 0     8   512  4096    754
 0     8  1024  4096    135
 0     8  2048  4096    104
 0     8  4096  4096    192
 0    16     4  4096     66
 0    16     8  4096    132
 0    16    16  4096    310
 0    16    32  4096    615
 0    16    64  4096   1076
 0    16   128  4096   1375
 0    16   256  4096   1642
 0    16   512  4096   1542
 0    16  1024  4096    268
 0    16  2048  4096    392
 0    16  4096  4096    378
 0    32     4  4096     85
 0    32     8  4096    171
 0    32    16  4096    375
 0    32    32  4096    750
 0    32    64  4096   1089
 0    32   128  4096   1321
 0    32   256  4096   1608
 0    32   512  4096   1739
 0    32  1024  4096    873
 0    32  2048  4096    766
 0    32  4096  4096    745
 0    64     4  4096     89
 0    64     8  4096    175
 0    64    16  4096    368
 0    64    32  4096    722
 0    64    64  4096   1091
 0    64   128  4096   1374
 0    64   256  4096   1629
 0    64   512  4096   1883
 0    64  1024  4096   1359
 0    64  2048  4096   1224
 0    64  4096  4096   1254
 0   128     4  4096     92
 0   128     8  4096    187
 0   128    16  4096    381
 0   128    32  4096    754
 0   128    64  4096   1083
 0   128   128  4096   1411
 0   128   256  4096   1885
 0   128   512  4096   2278
 0   128  1024  4096   1855
 0   128  2048  4096   1896
 0   128  4096  4096   1975
 0   256     4  4096     94
 0   256     8  4096    189
 0   256    16  4096    377
 0   256    32  4096    756
 0   256    64  4096   1089
 0   256   128  4096   2034
 0   256   256  4096   2527
 0   256   512  4096   2608
 0   256  1024  4096   1659
 0   256  2048  4096   2529
 0   256  4096  4096   2384
 0   512     4  4096     94
 0   512     8  4096    189
 0   512    16  4096    379
 0   512    32  4096    756
 0   512    64  4096   1728
 0   512   128  4096   2386
 0   512   256  4096   2770
 0   512   512  4096   2314
 0   512  1024  4096   2369
 0   512  2048  4096   2359
 0   512  4096  4096   2938
 0  1024     4  4096     90
 0  1024     8  4096    179
 0  1024    16  4096    362
 0  1024    32  4096   1314
 0  1024    64  4096   1945
 0  1024   128  4096   2560
 0  1024   256  4096   2834
 0  1024   512  4096   3035
 0  1024  1024  4096   2731
 0  1024  2048  4096   2803
 0  1024  4096  4096   2793
 0  2048     4  4096     86
 0  2048     8  4096    172
 0  2048    16  4096    680
 0  2048    32  4096   1343
 0  2048    64  4096   1976
 0  2048   128  4096   2735
 0  2048   256  4096   3034
 0  2048   512  4096   3258
 0  2048  1024  4096   3169
 0  2048  2048  4096   3175
 0  2048  4096  4096   3146
 0  4096     4  4096     82
 0  4096     8  4096    314
 0  4096    16  4096    620
 0  4096    32  4096   1240
 0  4096    64  4096   1957
 0  4096   128  4096   2526
 0  4096   256  4096   3052
 0  4096   512  4096   3312
 0  4096  1024  4096   3359
 0  4096  2048  4096   3369
 0  4096  4096  4096   3063
# load after: { 2.30 2.26 2.28 } other benchmarks seen: 0
