# 2026-10-01 21:51:50 load before: { 2.44 2.40 2.33 } VECLIB_MAXIMUM_THREADS=default
# thin row accel f32 beta=0
 0     1  4096  4096     95
 0     4  4096  4096     48
 0     8  4096  4096    189
 0    16  4096  4096    378
 0    32  4096  4096    745
 0    64  4096  4096   1318
 0  4096     1  4096    101
 0  4096     4  4096     81
 0  4096     8  4096    310
 0  4096    16  4096    615
 0  4096    32  4096   1187
 0  4096    64  4096   1847
 0     8     8  4096     49
 0    16    16  4096    306
 0    32    32  4096    684
# load after: { 2.36 2.39 2.32 } other benchmarks seen: 0
