# 2026-10-01 21:56:02 load before: { 1.94 2.43 2.37 } VECLIB_MAXIMUM_THREADS=default
# grid512 row accel f32 beta=0
 0     4     4   512     33
 0     4     8   512     33
 0     4    16   512     58
 0     4    32   512     96
 0     4    64   512    227
 0     4   128   512    316
 0     4   256   512    385
 0     4   512   512    422
 0     4  1024   512    350
 0     4  2048   512    424
 0     4  4096   512    439
 0     8     4   512     32
 0     8     8   512     41
 0     8    16   512    117
 0     8    32   512    228
 0     8    64   512    460
 0     8   128   512    627
 0     8   256   512    769
 0     8   512   512    838
 0     8  1024   512    780
 0     8  2048   512    840
 0     8  4096   512    793
 0    16     4   512     46
 0    16     8   512     95
 0    16    16   512    268
 0    16    32   512    547
 0    16    64   512   1091
 0    16   128   512   1406
 0    16   256   512   1639
 0    16   512   512   1691
 0    16  1024   512   1556
 0    16  2048   512   1596
 0    16  4096   512   1551
 0    32     4   512     71
 0    32     8   512    145
 0    32    16   512    404
 0    32    32   512    669
 0    32    64   512   1142
 0    32   128   512   1442
 0    32   256   512   1373
 0    32   512   512   1763
 0    32  1024   512   1682
 0    32  2048   512   1716
 0    32  4096   512   1764
 0    64     4   512     84
 0    64     8   512    169
 0    64    16   512    440
 0    64    32   512    868
 0    64    64   512   1195
 0    64   128   512   1492
 0    64   256   512   1697
 0    64   512   512   1780
 0    64  1024   512   1682
 0    64  2048   512   1738
 0    64  4096   512   1576
 0   128     4   512     90
 0   128     8   512    181
 0   128    16   512    366
 0   128    32   512    908
 0   128    64   512   1241
 0   128   128   512   1524
 0   128   256   512   1717
 0   128   512   512   1796
 0   128  1024   512   1688
 0   128  2048   512   2482
 0   128  4096   512   2222
 0   256     4   512    102
 0   256     8   512    208
 0   256    16   512    468
 0   256    32   512    930
 0   256    64   512   1266
 0   256   128   512   1545
 0   256   256   512   1729
 0   256   512   512   1787
 0   256  1024   512   2463
 0   256  2048   512   2744
 0   256  4096   512   2660
 0   512     4   512    110
 0   512     8   512    218
 0   512    16   512    446
 0   512    32   512    944
 0   512    64   512   1272
 0   512   128   512   1550
 0   512   256   512   1733
 0   512   512   512   2806
 0   512  1024   512   2874
 0   512  2048   512   2903
 0   512  4096   512   3129
 0  1024     4   512    114
 0  1024     8   512    231
 0  1024    16   512    479
 0  1024    32   512    946
 0  1024    64   512   1289
 0  1024   128   512   1557
 0  1024   256   512   2711
 0  1024   512   512   3162
 0  1024  1024   512   3063
 0  1024  2048   512   3081
 0  1024  4096   512   2983
 0  2048     4   512    115
 0  2048     8   512    234
 0  2048    16   512    479
 0  2048    32   512    948
 0  2048    64   512   1283
 0  2048   128   512   2422
 0  2048   256   512   3034
 0  2048   512   512   3305
 0  2048  1024   512   3258
 0  2048  2048   512   3230
 0  2048  4096   512   3315
 0  4096     4   512    117
 0  4096     8   512    236
 0  4096    16   512    478
 0  4096    32   512    946
 0  4096    64   512   2121
 0  4096   128   512   2748
 0  4096   256   512   3216
 0  4096   512   512   3497
 0  4096  1024   512   3319
 0  4096  2048   512   3398
 0  4096  4096   512   3314
# load after: { 2.20 2.44 2.37 } other benchmarks seen: 0
