# 2026-10-01 21:52:46 load before: { 2.09 2.34 2.31 } VECLIB_MAXIMUM_THREADS=default
# grid512 col accel f32 beta=1
 0     4     4   512     34
 0     4     8   512     34
 0     4    16   512     46
 0     4    32   512     70
 0     4    64   512     81
 0     4   128   512     88
 0     4   256   512     91
 0     4   512   512     94
 0     4  1024   512    100
 0     4  2048   512    101
 0     4  4096   512    108
 0     8     4   512     34
 0     8     8   512     41
 0     8    16   512     95
 0     8    32   512    143
 0     8    64   512    165
 0     8   128   512    179
 0     8   256   512    186
 0     8   512   512    192
 0     8  1024   512    203
 0     8  2048   512    205
 0     8  4096   512    219
 0    16     4   512     58
 0    16     8   512    116
 0    16    16   512    272
 0    16    32   512    399
 0    16    64   512    437
 0    16   128   512    454
 0    16   256   512    464
 0    16   512   512    464
 0    16  1024   512    469
 0    16  2048   512    473
 0    16  4096   512    472
 0    32     4   512    116
 0    32     8   512    228
 0    32    16   512    543
 0    32    32   512    777
 0    32    64   512    842
 0    32   128   512    900
 0    32   256   512    912
 0    32   512   512    932
 0    32  1024   512    941
 0    32  2048   512    941
 0    32  4096   512    941
 0    64     4   512    226
 0    64     8   512    451
 0    64    16   512   1084
 0    64    32   512   1125
 0    64    64   512   1190
 0    64   128   512   1229
 0    64   256   512   1246
 0    64   512   512   1260
 0    64  1024   512   1264
 0    64  2048   512   1268
 0    64  4096   512   1946
 0   128     4   512    306
 0   128     8   512    623
 0   128    16   512   1384
 0   128    32   512   1417
 0   128    64   512   1464
 0   128   128   512   1497
 0   128   256   512   1504
 0   128   512   512   1516
 0   128  1024   512   1524
 0   128  2048   512   2324
 0   128  4096   512   2578
 0   256     4   512    383
 0   256     8   512    758
 0   256    16   512   1603
 0   256    32   512   1628
 0   256    64   512   1659
 0   256   128   512   1670
 0   256   256   512   1686
 0   256   512   512   1693
 0   256  1024   512   2517
 0   256  2048   512   2785
 0   256  4096   512   2867
 0   512     4   512    418
 0   512     8   512    785
 0   512    16   512   1581
 0   512    32   512   1722
 0   512    64   512   1740
 0   512   128   512   1752
 0   512   256   512   1758
 0   512   512   512   2612
 0   512  1024   512   2862
 0   512  2048   512   3115
 0   512  4096   512   3538
 0  1024     4   512    390
 0  1024     8   512    772
 0  1024    16   512   1526
 0  1024    32   512   1629
 0  1024    64   512   1633
 0  1024   128   512   1634
 0  1024   256   512   1689
 0  1024   512   512   1945
 0  1024  1024   512   2038
 0  1024  2048   512   2935
 0  1024  4096   512   3180
 0  2048     4   512    431
 0  2048     8   512    851
 0  2048    16   512   1655
 0  2048    32   512   1705
 0  2048    64   512   1704
 0  2048   128   512   2481
 0  2048   256   512   2835
 0  2048   512   512   3029
 0  2048  1024   512   2608
 0  2048  2048   512   3172
 0  2048  4096   512   2865
 0  4096     4   512    430
 0  4096     8   512    857
 0  4096    16   512   1611
 0  4096    32   512   1596
 0  4096    64   512   1577
 0  4096   128   512   2097
 0  4096   256   512   2433
 0  4096   512   512   2651
 0  4096  1024   512   2518
 0  4096  2048   512   2756
 0  4096  4096   512   2739
# load after: { 2.68 2.45 2.35 } other benchmarks seen: 0
