# 2026-10-01 21:59:24 load before: { 1.64 2.14 2.26 } VECLIB_MAXIMUM_THREADS=default
# grid4096 col accel f32 beta=1
 0     4     4  4096     12
 0     4     8  4096     24
 0     4    16  4096     61
 0     4    32  4096     75
 0     4    64  4096     78
 0     4   128  4096     84
 0     4   256  4096     82
 0     4   512  4096     90
 0     4  1024  4096     89
 0     4  2048  4096     84
 0     4  4096  4096     82
 0     8     4  4096     24
 0     8     8  4096     49
 0     8    16  4096    130
 0     8    32  4096    156
 0     8    64  4096    165
 0     8   128  4096    172
 0     8   256  4096    171
 0     8   512  4096    181
 0     8  1024  4096    178
 0     8  2048  4096    170
 0     8  4096  4096    317
 0    16     4  4096     60
 0    16     8  4096    120
 0    16    16  4096    310
 0    16    32  4096    373
 0    16    64  4096    377
 0    16   128  4096    377
 0    16   256  4096    375
 0    16   512  4096    378
 0    16  1024  4096    360
 0    16  2048  4096    660
 0    16  4096  4096    637
 0    32     4  4096    120
 0    32     8  4096    239
 0    32    16  4096    620
 0    32    32  4096    747
 0    32    64  4096    756
 0    32   128  4096    761
 0    32   256  4096    758
 0    32   512  4096    760
 0    32  1024  4096   1255
 0    32  2048  4096   1316
 0    32  4096  4096   1243
 0    64     4  4096    233
 0    64     8  4096    435
 0    64    16  4096   1128
 0    64    32  4096   1046
 0    64    64  4096   1029
 0    64   128  4096   1007
 0    64   256  4096    980
 0    64   512  4096   1689
 0    64  1024  4096   1873
 0    64  2048  4096   1950
 0    64  4096  4096   1904
 0   128     4  4096    325
 0   128     8  4096    648
 0   128    16  4096   1526
 0   128    32  4096   1412
 0   128    64  4096   1413
 0   128   128  4096   1412
 0   128   256  4096   2037
 0   128   512  4096   2336
 0   128  1024  4096   2528
 0   128  2048  4096   2640
 0   128  4096  4096   2553
 0   256     4  4096    390
 0   256     8  4096    784
 0   256    16  4096   1727
 0   256    32  4096   1650
 0   256    64  4096   1655
 0   256   128  4096   2056
 0   256   256  4096   2522
 0   256   512  4096   2842
 0   256  1024  4096   2775
 0   256  2048  4096   3002
 0   256  4096  4096   2997
 0   512     4  4096    420
 0   512     8  4096    852
 0   512    16  4096   1793
 0   512    32  4096   1796
 0   512    64  4096   1931
 0   512   128  4096   2339
 0   512   256  4096   2642
 0   512   512  4096   2836
 0   512  1024  4096   3023
 0   512  2048  4096   3226
 0   512  4096  4096   3218
 0  1024     4  4096     70
 0  1024     8  4096    132
 0  1024    16  4096    261
 0  1024    32  4096    934
 0  1024    64  4096   1403
 0  1024   128  4096   1889
 0  1024   256  4096   1676
 0  1024   512  4096   2390
 0  1024  1024  4096   2696
 0  1024  2048  4096   3083
 0  1024  4096  4096   3270
 0  2048     4  4096     52
 0  2048     8  4096    103
 0  2048    16  4096    396
 0  2048    32  4096    783
 0  2048    64  4096   1284
 0  2048   128  4096   1962
 0  2048   256  4096   2537
 0  2048   512  4096   2344
 0  2048  1024  4096   2811
 0  2048  2048  4096   3098
 0  2048  4096  4096   3291
 0  4096     4  4096     49
 0  4096     8  4096    191
 0  4096    16  4096    381
 0  4096    32  4096    738
 0  4096    64  4096   1330
 0  4096   128  4096   1951
 0  4096   256  4096   2552
 0  4096   512  4096   2811
 0  4096  1024  4096   2783
 0  4096  2048  4096   2986
 0  4096  4096  4096   2784
# load after: { 1.89 2.14 2.25 } other benchmarks seen: 0
