# 2026-10-01 21:50:49 load before: { 2.47 2.37 2.31 } VECLIB_MAXIMUM_THREADS=default
# small row accel f32 beta=0
 0     4     4     4      4
 0     8     8     8     15
 0    12    12    12     20
 0    16    16    16     45
 0    24    24    24    101
 0    32    32    32    317
 0    48    48    48    577
 0    64    64    64   1019
 0    96    96    96   1372
 0   128   128   128   1539
 0   192   192   192   1673
 0   256   256   256   1761
 0   384   384   384   1835
# load after: { 2.51 2.38 2.31 } other benchmarks seen: 0
