# 2026-10-01 21:48:22 load before: { 1.97 2.29 2.28 } VECLIB_MAXIMUM_THREADS=default
# all row accel f32 beta=0
 0   512   512   512   2829
 0  1000  1000  1000   3576
 0  1024  1024  1024   3089
 0  2048  2048  2048   3406
 0  3000  3000  3000   3306
 0  4096  4096  4096   2837
 1    64  2112  7168   2163
 2    64 24576  1536   1352
 3    64 32768   512   1377
 4    64  7168 16384   1398
 5    64  4096  7168   1340
 6    64  7168  2048   1322
 7   128  2112  7168   2840
 8   128 24576  1536   1990
 9   128 32768   512   1993
10   128  7168 16384   1912
11   128  4096  7168   1963
12   128  7168  2048   2108
13  4096  2112  7168   3360
14  4096 24576  1536   3689
15  4096 32768   512   3485
16  4096  7168 16384   3215
17  4096  4096  7168   3193
18  4096  7168  2048   3239
19  4096   256  4096   2996
20 11008   256  4096   2980
21  4096   256 11008   3125
22  5120   256  5120   3039
23 13824   256  5120   3025
24  5120   256 13824   3070
# load after: { 1.97 2.28 2.27 } other benchmarks seen: 0
