# 2026-09-23 08:11:41 load before: { 3.05 3.09 3.10 } VECLIB_MAXIMUM_THREADS=1
# all row eigen-mt f32 beta=0 threads=12 sme_units=-1
 0   512   512   512    876  err/sqrtK=1.3e-06
 0  1000  1000  1000    901  err/sqrtK=2.3e-06
 0  1024  1024  1024    841  err/sqrtK=2.0e-06
 0  2048  2048  2048   1028  err/sqrtK=3.7e-06
 0  3000  3000  3000   1015  err/sqrtK=4.3e-06
 0  4096  4096  4096   1129  err/sqrtK=5.1e-06
 1    64  2112  7168   1343  err/sqrtK=5.6e-06
 2    64 24576  1536    712  err/sqrtK=3.1e-06
 3    64 32768   512    662  err/sqrtK=1.5e-06
 4    64  7168 16384    926  err/sqrtK=1.0e-05
 5    64  4096  7168    940  err/sqrtK=5.5e-06
 6    64  7168  2048    907  err/sqrtK=3.0e-06
 7   128  2112  7168    856  err/sqrtK=6.0e-06
 8   128 24576  1536    713  err/sqrtK=3.4e-06
 9   128 32768   512    753  err/sqrtK=1.9e-06
10   128  7168 16384    790  err/sqrtK=7.7e-06
11   128  4096  7168    735  err/sqrtK=6.2e-06
12   128  7168  2048    787  err/sqrtK=3.0e-06
13  4096  2112  7168   1079  err/sqrtK=7.9e-06
14  4096 24576  1536   1633  err/sqrtK=3.8e-06
15  4096 32768   512   2044  err/sqrtK=1.9e-06
16  4096  7168 16384   1710  err/sqrtK=1.1e-05
17  4096  4096  7168   1223  err/sqrtK=7.1e-06
18  4096  7168  2048   1425  err/sqrtK=4.0e-06
19  4096   256  4096    901  err/sqrtK=4.5e-06
20 11008   256  4096   1141  err/sqrtK=4.9e-06
21  4096   256 11008    963  err/sqrtK=6.7e-06
22  5120   256  5120    931  err/sqrtK=4.9e-06
23 13824   256  5120   1003  err/sqrtK=5.7e-06
24  5120   256 13824    964  err/sqrtK=9.3e-06
# load after: { 6.10 3.79 3.35 }
