# 2026-09-23 08:29:32 load before: { 2.75 2.80 2.89 } VECLIB_MAXIMUM_THREADS=1
# all row eigen-branch-mt f32 beta=0 threads=12 sme_units=2
 0   512   512   512   1647  err/sqrtK=1.3e-06
 0  1000  1000  1000   2824  err/sqrtK=2.3e-06
 0  1024  1024  1024   2705  err/sqrtK=2.0e-06
 0  2048  2048  2048   2925  err/sqrtK=3.7e-06
 0  3000  3000  3000   3043  err/sqrtK=4.3e-06
 0  4096  4096  4096   2844  err/sqrtK=5.1e-06
 1    64  2112  7168   1681  err/sqrtK=5.6e-06
 2    64 24576  1536   1008  err/sqrtK=3.1e-06
 3    64 32768   512    939  err/sqrtK=1.5e-06
 4    64  7168 16384   1477  err/sqrtK=1.0e-05
 5    64  4096  7168   1480  err/sqrtK=5.5e-06
 6    64  7168  2048   1480  err/sqrtK=3.0e-06
 7   128  2112  7168   2310  err/sqrtK=6.0e-06
 8   128 24576  1536   1340  err/sqrtK=3.4e-06
 9   128 32768   512   1195  err/sqrtK=1.9e-06
10   128  7168 16384   2042  err/sqrtK=7.7e-06
11   128  4096  7168   2075  err/sqrtK=6.2e-06
12   128  7168  2048   2003  err/sqrtK=3.0e-06
13  4096  2112  7168   3280  err/sqrtK=7.9e-06
14  4096 24576  1536   1660  err/sqrtK=3.8e-06
15  4096 32768   512   1448  err/sqrtK=1.9e-06
16  4096  7168 16384   2787  err/sqrtK=1.1e-05
17  4096  4096  7168   2846  err/sqrtK=7.1e-06
18  4096  7168  2048   2735  err/sqrtK=4.0e-06
19  4096   256  4096   2669  err/sqrtK=4.5e-06
20 11008   256  4096   2649  err/sqrtK=4.9e-06
21  4096   256 11008   2752  err/sqrtK=6.7e-06
22  5120   256  5120   2644  err/sqrtK=4.9e-06
23 13824   256  5120   2666  err/sqrtK=5.7e-06
24  5120   256 13824   2747  err/sqrtK=9.3e-06
# load after: { 2.54 2.75 2.87 }
