# 2026-09-23 22:05:30 load before: { 2.42 3.02 2.69 } VECLIB_MAXIMUM_THREADS=1
# all col eigen-branch-mt f32 beta=1 threads=12 sme_units=2
 0   512   512   512   3094  err/sqrtK=2.5e-07
 0  1000  1000  1000   3507  err/sqrtK=2.4e-07
 0  1024  1024  1024   2988  err/sqrtK=2.4e-07
 0  2048  2048  2048   3291  err/sqrtK=3.4e-07
 0  3000  3000  3000   3217  err/sqrtK=3.9e-06
 0  4096  4096  4096   3409  err/sqrtK=6.3e-06
 1    64  2112  7168   1776  err/sqrtK=5.1e-06
 2    64 24576  1536   2055  err/sqrtK=2.4e-07
 3    64 32768   512   1673  err/sqrtK=2.5e-07
 4    64  7168 16384   1850  err/sqrtK=7.7e-06
 5    64  4096  7168   1851  err/sqrtK=5.9e-06
 6    64  7168  2048   1990  err/sqrtK=2.5e-07
 7   128  2112  7168   2430  err/sqrtK=5.4e-06
 8   128 24576  1536   2582  err/sqrtK=2.9e-07
 9   128 32768   512   2223  err/sqrtK=2.5e-07
10   128  7168 16384   2443  err/sqrtK=9.2e-06
11   128  4096  7168   2450  err/sqrtK=6.8e-06
12   128  7168  2048   2560  err/sqrtK=3.4e-07
13  4096  2112  7168   3362  err/sqrtK=7.4e-06
14  4096 24576  1536   3442  err/sqrtK=4.4e-07
15  4096 32768   512   3131  err/sqrtK=3.4e-07
16  4096  7168 16384   3440  err/sqrtK=1.2e-05
17  4096  4096  7168   3387  err/sqrtK=7.3e-06
18  4096  7168  2048   3418  err/sqrtK=4.2e-07
19  4096   256  4096   2783  err/sqrtK=4.5e-06
20 11008   256  4096   3092  err/sqrtK=4.5e-06
21  4096   256 11008   2818  err/sqrtK=7.8e-06
22  5120   256  5120   2887  err/sqrtK=5.1e-06
23 13824   256  5120   3045  err/sqrtK=5.5e-06
24  5120   256 13824   2873  err/sqrtK=9.2e-06
# load after: { 2.60 3.02 2.69 }
