# 2026-09-23 08:09:33 load before: { 3.51 2.96 3.04 } VECLIB_MAXIMUM_THREADS=1
# all col eigen-mt f32 beta=1 threads=12 sme_units=-1
 0   512   512   512    934  err/sqrtK=1.1e-06
 0  1000  1000  1000    865  err/sqrtK=1.9e-06
 0  1024  1024  1024    856  err/sqrtK=2.4e-06
 0  2048  2048  2048   1028  err/sqrtK=3.7e-06
 0  3000  3000  3000   1069  err/sqrtK=4.5e-06
 0  4096  4096  4096   1165  err/sqrtK=6.9e-06
 1    64  2112  7168    619  err/sqrtK=5.2e-06
 2    64 24576  1536    929  err/sqrtK=3.2e-06
 3    64 32768   512    909  err/sqrtK=1.5e-06
 4    64  7168 16384    709  err/sqrtK=7.3e-06
 5    64  4096  7168    660  err/sqrtK=6.4e-06
 6    64  7168  2048    707  err/sqrtK=3.3e-06
 7   128  2112  7168    801  err/sqrtK=5.6e-06
 8   128 24576  1536    996  err/sqrtK=2.9e-06
 9   128 32768   512   1236  err/sqrtK=1.5e-06
10   128  7168 16384    895  err/sqrtK=8.3e-06
11   128  4096  7168    795  err/sqrtK=7.0e-06
12   128  7168  2048    864  err/sqrtK=3.5e-06
13  4096  2112  7168   1158  err/sqrtK=7.0e-06
14  4096 24576  1536   2112  err/sqrtK=3.5e-06
15  4096 32768   512   2748  err/sqrtK=1.9e-06
16  4096  7168 16384   1389  err/sqrtK=1.1e-05
17  4096  4096  7168   1153  err/sqrtK=6.8e-06
18  4096  7168  2048   1454  err/sqrtK=4.0e-06
19  4096   256  4096   1025  err/sqrtK=4.5e-06
20 11008   256  4096   1110  err/sqrtK=5.1e-06
21  4096   256 11008   1033  err/sqrtK=7.0e-06
22  5120   256  5120   1127  err/sqrtK=5.2e-06
23 13824   256  5120   1176  err/sqrtK=6.0e-06
24  5120   256 13824   1097  err/sqrtK=1.0e-05
# load after: { 5.43 3.41 3.21 }
