512x512x512 1626 109 1792 1788
1000x1000x1000 1752 112 1833 1839
1024x1024x1024 1560 113 1675 1669
2048x2048x2048 681 114 1660 1720
3000x3000x3000 558 113 1575 1579
4096x4096x4096 116 114 1573 1578
64x2112x7168 479 99 1178 906
64x24576x1536 416 96 632 1030
64x32768x512 356 105 633 973
64x7168x16384 448 99 636 880
64x4096x7168 416 99 617 886
64x7168x2048 414 98 662 978
128x2112x7168 482 107 1420 1209
128x24576x1536 395 104 937 1319
128x32768x512 360 109 912 1252
128x7168x16384 448 106 902 1128
128x4096x7168 414 106 914 1156
128x7168x2048 413 105 973 1249
4096x2112x7168 114 114 1592 1397
4096x24576x1536 114 114 1673 1680
4096x32768x512 114 114 1593 1716
4096x7168x16384 114 114 1504 1528
4096x4096x7168 114 114 1511 1511
4096x7168x2048 114 114 1695 1721
4096x256x4096 1150 110 1420 1215
11008x256x4096 1155 110 1406 1521
4096x256x11008 942 110 1423 1145
5120x256x5120 1168 110 1406 1180
13824x256x5120 1174 110 1410 1375
5120x256x13824 754 110 1402 1179
