# 2026-09-22 22:33:46 load before: { 2.94 3.30 3.92 }
# all col mt f32 beta=1 online=1 x4=1 heap=1 model=1 shape=0 cdirect=0 pack4=1 pf=7 threads=1
 0   512   512   512   1680  err/sqrtK=0.0e+00
 0  1000  1000  1000   1634  err/sqrtK=0.0e+00
 0  1024  1024  1024   1707  err/sqrtK=0.0e+00
 0  2048  2048  2048   1634  err/sqrtK=0.0e+00
 0  3000  3000  3000   1604  err/sqrtK=0.0e+00
 0  4096  4096  4096   1632  err/sqrtK=0.0e+00
 1    64  2112  7168   1116  err/sqrtK=0.0e+00
 2    64 24576  1536   1107  err/sqrtK=0.0e+00
 3    64 32768   512    988  err/sqrtK=0.0e+00
 4    64  7168 16384   1047  err/sqrtK=0.0e+00
 5    64  4096  7168   1081  err/sqrtK=0.0e+00
 6    64  7168  2048   1142  err/sqrtK=0.0e+00
 7   128  2112  7168   1379  err/sqrtK=0.0e+00
 8   128 24576  1536   1400  err/sqrtK=0.0e+00
 9   128 32768   512   1257  err/sqrtK=0.0e+00
10   128  7168 16384   1295  err/sqrtK=0.0e+00
11   128  4096  7168   1331  err/sqrtK=0.0e+00
12   128  7168  2048   1351  err/sqrtK=0.0e+00
13  4096  2112  7168   1632  err/sqrtK=0.0e+00
14  4096 24576  1536   1624  err/sqrtK=0.0e+00
15  4096 32768   512   1588  err/sqrtK=0.0e+00
16  4096  7168 16384   1655  err/sqrtK=0.0e+00
17  4096  4096  7168   1644  err/sqrtK=0.0e+00
18  4096  7168  2048   1611  err/sqrtK=0.0e+00
19  4096   256  4096   1532  err/sqrtK=0.0e+00
20 11008   256  4096   1559  err/sqrtK=0.0e+00
21  4096   256 11008   1537  err/sqrtK=0.0e+00
22  5120   256  5120   1548  err/sqrtK=0.0e+00
23 13824   256  5120   1499  err/sqrtK=0.0e+00
24  5120   256 13824   1543  err/sqrtK=0.0e+00
# load after: { 3.10 3.31 3.91 }
