# 2026-09-22 22:28:42 load before: { 3.46 3.46 4.22 }
# all row mt f32 beta=0 online=1 x4=1 heap=1 model=1 shape=0 cdirect=0 pack4=1 pf=7 threads=1
 0   512   512   512   1668  err/sqrtK=0.0e+00
 0  1000  1000  1000   1584  err/sqrtK=0.0e+00
 0  1024  1024  1024   1651  err/sqrtK=0.0e+00
 0  2048  2048  2048   1575  err/sqrtK=0.0e+00
 0  3000  3000  3000   1531  err/sqrtK=0.0e+00
 0  4096  4096  4096   1577  err/sqrtK=0.0e+00
 1    64  2112  7168   1200  err/sqrtK=0.0e+00
 2    64 24576  1536    917  err/sqrtK=0.0e+00
 3    64 32768   512    887  err/sqrtK=0.0e+00
 4    64  7168 16384    956  err/sqrtK=0.0e+00
 5    64  4096  7168    952  err/sqrtK=0.0e+00
 6    64  7168  2048    965  err/sqrtK=0.0e+00
 7   128  2112  7168   1403  err/sqrtK=0.0e+00
 8   128 24576  1536   1190  err/sqrtK=0.0e+00
 9   128 32768   512   1148  err/sqrtK=0.0e+00
10   128  7168 16384   1217  err/sqrtK=0.0e+00
11   128  4096  7168   1215  err/sqrtK=0.0e+00
12   128  7168  2048   1237  err/sqrtK=0.0e+00
13  4096  2112  7168   1645  err/sqrtK=0.0e+00
14  4096 24576  1536   1564  err/sqrtK=0.0e+00
15  4096 32768   512   1579  err/sqrtK=0.0e+00
16  4096  7168 16384   1587  err/sqrtK=0.0e+00
17  4096  4096  7168   1556  err/sqrtK=0.0e+00
18  4096  7168  2048   1558  err/sqrtK=0.0e+00
19  4096   256  4096   1505  err/sqrtK=0.0e+00
20 11008   256  4096   1459  err/sqrtK=0.0e+00
21  4096   256 11008   1536  err/sqrtK=0.0e+00
22  5120   256  5120   1542  err/sqrtK=0.0e+00
23 13824   256  5120   1495  err/sqrtK=0.0e+00
24  5120   256 13824   1478  err/sqrtK=0.0e+00
# load after: { 3.36 3.44 4.19 }
