# 2026-09-22 22:32:04 load before: { 3.26 3.37 4.01 }
# all col mt f32 beta=1 online=1 x4=1 heap=1 model=0 shape=0 cdirect=2 pack4=1 pf=7 threads=1
 0   512   512   512   1615  err/sqrtK=0.0e+00
 0  1000  1000  1000   1488  err/sqrtK=0.0e+00
 0  1024  1024  1024   1608  err/sqrtK=0.0e+00
 0  2048  2048  2048   1422  err/sqrtK=0.0e+00
 0  3000  3000  3000   1282  err/sqrtK=0.0e+00
 0  4096  4096  4096   1349  err/sqrtK=0.0e+00
 1    64  2112  7168    942  err/sqrtK=0.0e+00
 2    64 24576  1536    998  err/sqrtK=0.0e+00
 3    64 32768   512    951  err/sqrtK=0.0e+00
 4    64  7168 16384    923  err/sqrtK=0.0e+00
 5    64  4096  7168    926  err/sqrtK=0.0e+00
 6    64  7168  2048   1001  err/sqrtK=0.0e+00
 7   128  2112  7168   1202  err/sqrtK=0.0e+00
 8   128 24576  1536   1279  err/sqrtK=0.0e+00
 9   128 32768   512   1215  err/sqrtK=0.0e+00
10   128  7168 16384   1167  err/sqrtK=0.0e+00
11   128  4096  7168   1212  err/sqrtK=0.0e+00
12   128  7168  2048   1282  err/sqrtK=0.0e+00
13  4096  2112  7168   1353  err/sqrtK=0.0e+00
14  4096 24576  1536   1385  err/sqrtK=0.0e+00
15  4096 32768   512   1460  err/sqrtK=0.0e+00
16  4096  7168 16384   1369  err/sqrtK=0.0e+00
17  4096  4096  7168   1366  err/sqrtK=0.0e+00
18  4096  7168  2048   1371  err/sqrtK=0.0e+00
19  4096   256  4096   1376  err/sqrtK=0.0e+00
20 11008   256  4096   1510  err/sqrtK=0.0e+00
21  4096   256 11008   1368  err/sqrtK=0.0e+00
22  5120   256  5120   1383  err/sqrtK=0.0e+00
23 13824   256  5120   1368  err/sqrtK=0.0e+00
24  5120   256 13824   1397  err/sqrtK=0.0e+00
# load after: { 3.05 3.31 3.98 }
