# 2026-09-22 22:26:59 load before: { 3.84 3.58 4.36 }
# all row mt f32 beta=0 online=1 x4=1 heap=1 model=0 shape=0 cdirect=2 pack4=1 pf=7 threads=1
 0   512   512   512   1660  err/sqrtK=0.0e+00
 0  1000  1000  1000   1532  err/sqrtK=0.0e+00
 0  1024  1024  1024   1662  err/sqrtK=0.0e+00
 0  2048  2048  2048   1471  err/sqrtK=0.0e+00
 0  3000  3000  3000   1331  err/sqrtK=0.0e+00
 0  4096  4096  4096   1392  err/sqrtK=0.0e+00
 1    64  2112  7168   1192  err/sqrtK=0.0e+00
 2    64 24576  1536    889  err/sqrtK=0.0e+00
 3    64 32768   512    856  err/sqrtK=0.0e+00
 4    64  7168 16384    961  err/sqrtK=0.0e+00
 5    64  4096  7168    956  err/sqrtK=0.0e+00
 6    64  7168  2048    960  err/sqrtK=0.0e+00
 7   128  2112  7168   1395  err/sqrtK=0.0e+00
 8   128 24576  1536   1114  err/sqrtK=0.0e+00
 9   128 32768   512   1123  err/sqrtK=0.0e+00
10   128  7168 16384   1211  err/sqrtK=0.0e+00
11   128  4096  7168   1207  err/sqrtK=0.0e+00
12   128  7168  2048   1211  err/sqrtK=0.0e+00
13  4096  2112  7168   1533  err/sqrtK=0.0e+00
14  4096 24576  1536   1315  err/sqrtK=0.0e+00
15  4096 32768   512   1329  err/sqrtK=0.0e+00
16  4096  7168 16384   1483  err/sqrtK=0.0e+00
17  4096  4096  7168   1489  err/sqrtK=0.0e+00
18  4096  7168  2048   1458  err/sqrtK=0.0e+00
19  4096   256  4096   1510  err/sqrtK=0.0e+00
20 11008   256  4096   1508  err/sqrtK=0.0e+00
21  4096   256 11008   1451  err/sqrtK=0.0e+00
22  5120   256  5120   1503  err/sqrtK=0.0e+00
23 13824   256  5120   1505  err/sqrtK=0.0e+00
24  5120   256 13824   1427  err/sqrtK=0.0e+00
# load after: { 3.32 3.48 4.30 }
