# 2026-09-22 22:27:55 load before: { 2.90 3.36 4.22 }
# all row mt f32 beta=0 online=1 x4=1 heap=1 model=1 shape=1 cdirect=2 pack4=1 pf=7 threads=1
 0   512   512   512   1373  err/sqrtK=0.0e+00
 0  1000  1000  1000   1239  err/sqrtK=0.0e+00
 0  1024  1024  1024   1247  err/sqrtK=0.0e+00
 0  2048  2048  2048   1215  err/sqrtK=0.0e+00
 0  3000  3000  3000   1229  err/sqrtK=0.0e+00
 0  4096  4096  4096   1269  err/sqrtK=0.0e+00
 1    64  2112  7168    944  err/sqrtK=0.0e+00
 2    64 24576  1536    638  err/sqrtK=0.0e+00
 3    64 32768   512    603  err/sqrtK=0.0e+00
 4    64  7168 16384    653  err/sqrtK=0.0e+00
 5    64  4096  7168    668  err/sqrtK=0.0e+00
 6    64  7168  2048    652  err/sqrtK=0.0e+00
 7   128  2112  7168   1137  err/sqrtK=0.0e+00
 8   128 24576  1536    862  err/sqrtK=0.0e+00
 9   128 32768   512    836  err/sqrtK=0.0e+00
10   128  7168 16384    930  err/sqrtK=0.0e+00
11   128  4096  7168    913  err/sqrtK=0.0e+00
12   128  7168  2048    907  err/sqrtK=0.0e+00
13  4096  2112  7168   1405  err/sqrtK=0.0e+00
14  4096 24576  1536   1243  err/sqrtK=0.0e+00
15  4096 32768   512   1201  err/sqrtK=0.0e+00
16  4096  7168 16384   1282  err/sqrtK=0.0e+00
17  4096  4096  7168   1277  err/sqrtK=0.0e+00
18  4096  7168  2048   1224  err/sqrtK=0.0e+00
19  4096   256  4096   1309  err/sqrtK=0.0e+00
20 11008   256  4096   1314  err/sqrtK=0.0e+00
21  4096   256 11008   1338  err/sqrtK=0.0e+00
22  5120   256  5120   1371  err/sqrtK=0.0e+00
23 13824   256  5120   1366  err/sqrtK=0.0e+00
24  5120   256 13824   1351  err/sqrtK=0.0e+00
# load after: { 3.53 3.47 4.24 }
