# 2026-09-22 22:33:00 load before: { 3.66 3.43 3.99 }
# all col mt f32 beta=1 online=1 x4=1 heap=1 model=1 shape=1 cdirect=2 pack4=1 pf=7 threads=1
 0   512   512   512   1267  err/sqrtK=0.0e+00
 0  1000  1000  1000   1163  err/sqrtK=0.0e+00
 0  1024  1024  1024   1213  err/sqrtK=0.0e+00
 0  2048  2048  2048   1204  err/sqrtK=0.0e+00
 0  3000  3000  3000   1207  err/sqrtK=0.0e+00
 0  4096  4096  4096   1227  err/sqrtK=0.0e+00
 1    64  2112  7168    998  err/sqrtK=0.0e+00
 2    64 24576  1536    937  err/sqrtK=0.0e+00
 3    64 32768   512    812  err/sqrtK=0.0e+00
 4    64  7168 16384    983  err/sqrtK=0.0e+00
 5    64  4096  7168    993  err/sqrtK=0.0e+00
 6    64  7168  2048    975  err/sqrtK=0.0e+00
 7   128  2112  7168   1191  err/sqrtK=0.0e+00
 8   128 24576  1536   1140  err/sqrtK=0.0e+00
 9   128 32768   512    986  err/sqrtK=0.0e+00
10   128  7168 16384   1197  err/sqrtK=0.0e+00
11   128  4096  7168   1196  err/sqrtK=0.0e+00
12   128  7168  2048   1193  err/sqrtK=0.0e+00
13  4096  2112  7168   1253  err/sqrtK=0.0e+00
14  4096 24576  1536   1229  err/sqrtK=0.0e+00
15  4096 32768   512   1134  err/sqrtK=0.0e+00
16  4096  7168 16384   1277  err/sqrtK=0.0e+00
17  4096  4096  7168   1267  err/sqrtK=0.0e+00
18  4096  7168  2048   1193  err/sqrtK=0.0e+00
19  4096   256  4096   1115  err/sqrtK=0.0e+00
20 11008   256  4096   1200  err/sqrtK=0.0e+00
21  4096   256 11008   1129  err/sqrtK=0.0e+00
22  5120   256  5120   1122  err/sqrtK=0.0e+00
23 13824   256  5120   1201  err/sqrtK=0.0e+00
24  5120   256 13824   1136  err/sqrtK=0.0e+00
# load after: { 3.52 3.42 3.97 }
