# 2026-09-22 22:32:28 load before: { 3.05 3.31 3.98 }
# all col mt f32 beta=1 online=1 x4=1 heap=1 model=2 shape=0 cdirect=2 pack4=1 pf=7 threads=1
 0   512   512   512   1726  err/sqrtK=0.0e+00
 0  1000  1000  1000   1643  err/sqrtK=0.0e+00
 0  1024  1024  1024   1695  err/sqrtK=0.0e+00
 0  2048  2048  2048   1197  err/sqrtK=0.0e+00
 0  3000  3000  3000    911  err/sqrtK=0.0e+00
 0  4096  4096  4096    803  err/sqrtK=0.0e+00
 1    64  2112  7168    709  err/sqrtK=0.0e+00
 2    64 24576  1536    697  err/sqrtK=0.0e+00
 3    64 32768   512    680  err/sqrtK=0.0e+00
 4    64  7168 16384    738  err/sqrtK=0.0e+00
 5    64  4096  7168    725  err/sqrtK=0.0e+00
 6    64  7168  2048    709  err/sqrtK=0.0e+00
 7   128  2112  7168   1026  err/sqrtK=0.0e+00
 8   128 24576  1536    947  err/sqrtK=0.0e+00
 9   128 32768   512    749  err/sqrtK=0.0e+00
10   128  7168 16384   1032  err/sqrtK=0.0e+00
11   128  4096  7168   1027  err/sqrtK=0.0e+00
12   128  7168  2048    977  err/sqrtK=0.0e+00
13  4096  2112  7168    787  err/sqrtK=0.0e+00
14  4096 24576  1536    864  err/sqrtK=0.0e+00
15  4096 32768   512   1736  err/sqrtK=0.0e+00
16  4096  7168 16384    753  err/sqrtK=0.0e+00
17  4096  4096  7168    763  err/sqrtK=0.0e+00
18  4096  7168  2048    836  err/sqrtK=0.0e+00
19  4096   256  4096    707  err/sqrtK=0.0e+00
20 11008   256  4096    710  err/sqrtK=0.0e+00
21  4096   256 11008    707  err/sqrtK=0.0e+00
22  5120   256  5120    730  err/sqrtK=0.0e+00
23 13824   256  5120    713  err/sqrtK=0.0e+00
24  5120   256 13824    707  err/sqrtK=0.0e+00
# load after: { 3.66 3.43 3.99 }
