# 2026-09-22 22:27:23 load before: { 3.32 3.48 4.30 }
# all row mt f32 beta=0 online=1 x4=1 heap=1 model=2 shape=0 cdirect=2 pack4=1 pf=7 threads=1
 0   512   512   512   1809  err/sqrtK=0.0e+00
 0  1000  1000  1000   1822  err/sqrtK=0.0e+00
 0  1024  1024  1024   1818  err/sqrtK=0.0e+00
 0  2048  2048  2048   1295  err/sqrtK=0.0e+00
 0  3000  3000  3000    989  err/sqrtK=0.0e+00
 0  4096  4096  4096    849  err/sqrtK=0.0e+00
 1    64  2112  7168    680  err/sqrtK=0.0e+00
 2    64 24576  1536    577  err/sqrtK=0.0e+00
 3    64 32768   512    542  err/sqrtK=0.0e+00
 4    64  7168 16384    588  err/sqrtK=0.0e+00
 5    64  4096  7168    598  err/sqrtK=0.0e+00
 6    64  7168  2048    600  err/sqrtK=0.0e+00
 7   128  2112  7168    780  err/sqrtK=0.0e+00
 8   128 24576  1536    660  err/sqrtK=0.0e+00
 9   128 32768   512    531  err/sqrtK=0.0e+00
10   128  7168 16384    674  err/sqrtK=0.0e+00
11   128  4096  7168    684  err/sqrtK=0.0e+00
12   128  7168  2048    697  err/sqrtK=0.0e+00
13  4096  2112  7168    828  err/sqrtK=0.0e+00
14  4096 24576  1536    741  err/sqrtK=0.0e+00
15  4096 32768   512    698  err/sqrtK=0.0e+00
16  4096  7168 16384    756  err/sqrtK=0.0e+00
17  4096  4096  7168    799  err/sqrtK=0.0e+00
18  4096  7168  2048    811  err/sqrtK=0.0e+00
19  4096   256  4096   1326  err/sqrtK=0.0e+00
20 11008   256  4096   1357  err/sqrtK=0.0e+00
21  4096   256 11008   1227  err/sqrtK=0.0e+00
22  5120   256  5120   1355  err/sqrtK=0.0e+00
23 13824   256  5120   1338  err/sqrtK=0.0e+00
24  5120   256 13824   1145  err/sqrtK=0.0e+00
# load after: { 2.90 3.36 4.22 }
