# 2026-09-22 22:30:57 load before: { 3.35 3.44 4.09 }
# all col mt f32 beta=1 online=0 x4=1 heap=1 model=1 shape=0 cdirect=2 pack4=1 pf=7 threads=1
 0   512   512   512   1678  err/sqrtK=0.0e+00
 0  1000  1000  1000   1607  err/sqrtK=0.0e+00
 0  1024  1024  1024   1691  err/sqrtK=0.0e+00
 0  2048  2048  2048   1611  err/sqrtK=0.0e+00
 0  3000  3000  3000   1567  err/sqrtK=0.0e+00
 0  4096  4096  4096   1596  err/sqrtK=0.0e+00
 1    64  2112  7168   1046  err/sqrtK=0.0e+00
 2    64 24576  1536   1068  err/sqrtK=0.0e+00
 3    64 32768   512    991  err/sqrtK=0.0e+00
 4    64  7168 16384   1006  err/sqrtK=0.0e+00
 5    64  4096  7168   1031  err/sqrtK=0.0e+00
 6    64  7168  2048   1097  err/sqrtK=0.0e+00
 7   128  2112  7168   1344  err/sqrtK=0.0e+00
 8   128 24576  1536   1373  err/sqrtK=0.0e+00
 9   128 32768   512   1274  err/sqrtK=0.0e+00
10   128  7168 16384   1247  err/sqrtK=0.0e+00
11   128  4096  7168   1308  err/sqrtK=0.0e+00
12   128  7168  2048   1355  err/sqrtK=0.0e+00
13  4096  2112  7168   1601  err/sqrtK=0.0e+00
14  4096 24576  1536   1607  err/sqrtK=0.0e+00
15  4096 32768   512   1631  err/sqrtK=0.0e+00
16  4096  7168 16384   1604  err/sqrtK=0.0e+00
17  4096  4096  7168   1610  err/sqrtK=0.0e+00
18  4096  7168  2048   1608  err/sqrtK=0.0e+00
19  4096   256  4096   1448  err/sqrtK=0.0e+00
20 11008   256  4096   1614  err/sqrtK=0.0e+00
21  4096   256 11008   1455  err/sqrtK=0.0e+00
22  5120   256  5120   1490  err/sqrtK=0.0e+00
23 13824   256  5120   1482  err/sqrtK=0.0e+00
24  5120   256 13824   1465  err/sqrtK=0.0e+00
# load after: { 3.10 3.37 4.05 }
