# 2026-09-22 22:25:52 load before: { 3.89 3.54 4.41 }
# all row mt f32 beta=0 online=0 x4=1 heap=1 model=1 shape=0 cdirect=2 pack4=1 pf=7 threads=1
 0   512   512   512   1705  err/sqrtK=0.0e+00
 0  1000  1000  1000   1661  err/sqrtK=0.0e+00
 0  1024  1024  1024   1660  err/sqrtK=0.0e+00
 0  2048  2048  2048   1631  err/sqrtK=0.0e+00
 0  3000  3000  3000   1594  err/sqrtK=0.0e+00
 0  4096  4096  4096   1605  err/sqrtK=0.0e+00
 1    64  2112  7168   1189  err/sqrtK=0.0e+00
 2    64 24576  1536    892  err/sqrtK=0.0e+00
 3    64 32768   512    887  err/sqrtK=0.0e+00
 4    64  7168 16384    921  err/sqrtK=0.0e+00
 5    64  4096  7168    896  err/sqrtK=0.0e+00
 6    64  7168  2048    918  err/sqrtK=0.0e+00
 7   128  2112  7168   1446  err/sqrtK=0.0e+00
 8   128 24576  1536   1206  err/sqrtK=0.0e+00
 9   128 32768   512   1191  err/sqrtK=0.0e+00
10   128  7168 16384   1227  err/sqrtK=0.0e+00
11   128  4096  7168   1217  err/sqrtK=0.0e+00
12   128  7168  2048   1224  err/sqrtK=0.0e+00
13  4096  2112  7168   1732  err/sqrtK=0.0e+00
14  4096 24576  1536   1616  err/sqrtK=0.0e+00
15  4096 32768   512   1607  err/sqrtK=0.0e+00
16  4096  7168 16384   1634  err/sqrtK=0.0e+00
17  4096  4096  7168   1611  err/sqrtK=0.0e+00
18  4096  7168  2048   1628  err/sqrtK=0.0e+00
19  4096   256  4096   1509  err/sqrtK=0.0e+00
20 11008   256  4096   1476  err/sqrtK=0.0e+00
21  4096   256 11008   1529  err/sqrtK=0.0e+00
22  5120   256  5120   1540  err/sqrtK=0.0e+00
23 13824   256  5120   1541  err/sqrtK=0.0e+00
24  5120   256 13824   1492  err/sqrtK=0.0e+00
# load after: { 3.75 3.53 4.38 }
