# 2026-09-22 22:37:15 load before: { 3.89 4.41 4.30 }
# all col mt f32 beta=1 online=1 x4=1 heap=1 model=1 shape=0 cdirect=2 pack4=1 pf=3 threads=1
 0   512   512   512   1748  err/sqrtK=0.0e+00
 0  1000  1000  1000   1643  err/sqrtK=0.0e+00
 0  1024  1024  1024   1675  err/sqrtK=0.0e+00
 0  2048  2048  2048   1510  err/sqrtK=0.0e+00
 0  3000  3000  3000   1488  err/sqrtK=0.0e+00
 0  4096  4096  4096   1456  err/sqrtK=0.0e+00
 1    64  2112  7168   1046  err/sqrtK=0.0e+00
 2    64 24576  1536   1044  err/sqrtK=0.0e+00
 3    64 32768   512    916  err/sqrtK=0.0e+00
 4    64  7168 16384   1009  err/sqrtK=0.0e+00
 5    64  4096  7168   1024  err/sqrtK=0.0e+00
 6    64  7168  2048   1054  err/sqrtK=0.0e+00
 7   128  2112  7168   1310  err/sqrtK=0.0e+00
 8   128 24576  1536   1297  err/sqrtK=0.0e+00
 9   128 32768   512   1109  err/sqrtK=0.0e+00
10   128  7168 16384   1247  err/sqrtK=0.0e+00
11   128  4096  7168   1269  err/sqrtK=0.0e+00
12   128  7168  2048   1296  err/sqrtK=0.0e+00
13  4096  2112  7168   1462  err/sqrtK=0.0e+00
14  4096 24576  1536   1424  err/sqrtK=0.0e+00
15  4096 32768   512   1306  err/sqrtK=0.0e+00
16  4096  7168 16384   1462  err/sqrtK=0.0e+00
17  4096  4096  7168   1458  err/sqrtK=0.0e+00
18  4096  7168  2048   1459  err/sqrtK=0.0e+00
19  4096   256  4096   1403  err/sqrtK=0.0e+00
20 11008   256  4096   1377  err/sqrtK=0.0e+00
21  4096   256 11008   1417  err/sqrtK=0.0e+00
22  5120   256  5120   1357  err/sqrtK=0.0e+00
23 13824   256  5120   1329  err/sqrtK=0.0e+00
24  5120   256 13824   1341  err/sqrtK=0.0e+00
# load after: { 3.51 4.28 4.25 }
