# 2026-09-22 22:30:12 load before: { 3.31 3.44 4.13 }
# all row mt f32 beta=0 online=1 x4=1 heap=1 model=1 shape=0 cdirect=2 pack4=1 pf=3 threads=1
 0   512   512   512   1764  err/sqrtK=0.0e+00
 0  1000  1000  1000   1689  err/sqrtK=0.0e+00
 0  1024  1024  1024   1708  err/sqrtK=0.0e+00
 0  2048  2048  2048   1536  err/sqrtK=0.0e+00
 0  3000  3000  3000   1504  err/sqrtK=0.0e+00
 0  4096  4096  4096   1470  err/sqrtK=0.0e+00
 1    64  2112  7168   1225  err/sqrtK=0.0e+00
 2    64 24576  1536    906  err/sqrtK=0.0e+00
 3    64 32768   512    921  err/sqrtK=0.0e+00
 4    64  7168 16384    921  err/sqrtK=0.0e+00
 5    64  4096  7168    966  err/sqrtK=0.0e+00
 6    64  7168  2048    954  err/sqrtK=0.0e+00
 7   128  2112  7168   1435  err/sqrtK=0.0e+00
 8   128 24576  1536   1157  err/sqrtK=0.0e+00
 9   128 32768   512   1209  err/sqrtK=0.0e+00
10   128  7168 16384   1178  err/sqrtK=0.0e+00
11   128  4096  7168   1223  err/sqrtK=0.0e+00
12   128  7168  2048   1202  err/sqrtK=0.0e+00
13  4096  2112  7168   1628  err/sqrtK=0.0e+00
14  4096 24576  1536   1493  err/sqrtK=0.0e+00
15  4096 32768   512   1642  err/sqrtK=0.0e+00
16  4096  7168 16384   1447  err/sqrtK=0.0e+00
17  4096  4096  7168   1472  err/sqrtK=0.0e+00
18  4096  7168  2048   1457  err/sqrtK=0.0e+00
19  4096   256  4096   1486  err/sqrtK=0.0e+00
20 11008   256  4096   1466  err/sqrtK=0.0e+00
21  4096   256 11008   1509  err/sqrtK=0.0e+00
22  5120   256  5120   1521  err/sqrtK=0.0e+00
23 13824   256  5120   1522  err/sqrtK=0.0e+00
24  5120   256 13824   1492  err/sqrtK=0.0e+00
# load after: { 3.40 3.45 4.12 }
