# 2026-09-22 22:29:27 load before: { 3.63 3.50 4.19 }
# all row mt f32 beta=0 online=1 x4=1 heap=1 model=1 shape=0 cdirect=2 pack4=1 pf=6 threads=1
 0   512   512   512   1760  err/sqrtK=0.0e+00
 0  1000  1000  1000   1685  err/sqrtK=0.0e+00
 0  1024  1024  1024   1715  err/sqrtK=0.0e+00
 0  2048  2048  2048   1625  err/sqrtK=0.0e+00
 0  3000  3000  3000   1591  err/sqrtK=0.0e+00
 0  4096  4096  4096   1586  err/sqrtK=0.0e+00
 1    64  2112  7168   1204  err/sqrtK=0.0e+00
 2    64 24576  1536    928  err/sqrtK=0.0e+00
 3    64 32768   512    920  err/sqrtK=0.0e+00
 4    64  7168 16384    961  err/sqrtK=0.0e+00
 5    64  4096  7168    971  err/sqrtK=0.0e+00
 6    64  7168  2048    980  err/sqrtK=0.0e+00
 7   128  2112  7168   1445  err/sqrtK=0.0e+00
 8   128 24576  1536   1199  err/sqrtK=0.0e+00
 9   128 32768   512   1180  err/sqrtK=0.0e+00
10   128  7168 16384   1238  err/sqrtK=0.0e+00
11   128  4096  7168   1234  err/sqrtK=0.0e+00
12   128  7168  2048   1259  err/sqrtK=0.0e+00
13  4096  2112  7168   1687  err/sqrtK=0.0e+00
14  4096 24576  1536   1577  err/sqrtK=0.0e+00
15  4096 32768   512   1616  err/sqrtK=0.0e+00
16  4096  7168 16384   1617  err/sqrtK=0.0e+00
17  4096  4096  7168   1579  err/sqrtK=0.0e+00
18  4096  7168  2048   1612  err/sqrtK=0.0e+00
19  4096   256  4096   1329  err/sqrtK=0.0e+00
20 11008   256  4096   1323  err/sqrtK=0.0e+00
21  4096   256 11008   1446  err/sqrtK=0.0e+00
22  5120   256  5120   1390  err/sqrtK=0.0e+00
23 13824   256  5120   1380  err/sqrtK=0.0e+00
24  5120   256 13824   1433  err/sqrtK=0.0e+00
# load after: { 3.62 3.51 4.17 }
