# 2026-09-22 22:29:50 load before: { 3.62 3.51 4.17 }
# all row mt f32 beta=0 online=1 x4=1 heap=1 model=1 shape=0 cdirect=2 pack4=1 pf=5 threads=1
 0   512   512   512   1788  err/sqrtK=0.0e+00
 0  1000  1000  1000   1702  err/sqrtK=0.0e+00
 0  1024  1024  1024   1746  err/sqrtK=0.0e+00
 0  2048  2048  2048   1628  err/sqrtK=0.0e+00
 0  3000  3000  3000   1566  err/sqrtK=0.0e+00
 0  4096  4096  4096   1577  err/sqrtK=0.0e+00
 1    64  2112  7168   1047  err/sqrtK=0.0e+00
 2    64 24576  1536    854  err/sqrtK=0.0e+00
 3    64 32768   512    832  err/sqrtK=0.0e+00
 4    64  7168 16384    892  err/sqrtK=0.0e+00
 5    64  4096  7168    910  err/sqrtK=0.0e+00
 6    64  7168  2048    900  err/sqrtK=0.0e+00
 7   128  2112  7168   1324  err/sqrtK=0.0e+00
 8   128 24576  1536   1127  err/sqrtK=0.0e+00
 9   128 32768   512   1105  err/sqrtK=0.0e+00
10   128  7168 16384   1168  err/sqrtK=0.0e+00
11   128  4096  7168   1188  err/sqrtK=0.0e+00
12   128  7168  2048   1179  err/sqrtK=0.0e+00
13  4096  2112  7168   1701  err/sqrtK=0.0e+00
14  4096 24576  1536   1560  err/sqrtK=0.0e+00
15  4096 32768   512   1579  err/sqrtK=0.0e+00
16  4096  7168 16384   1601  err/sqrtK=0.0e+00
17  4096  4096  7168   1591  err/sqrtK=0.0e+00
18  4096  7168  2048   1590  err/sqrtK=0.0e+00
19  4096   256  4096   1508  err/sqrtK=0.0e+00
20 11008   256  4096   1497  err/sqrtK=0.0e+00
21  4096   256 11008   1536  err/sqrtK=0.0e+00
22  5120   256  5120   1545  err/sqrtK=0.0e+00
23 13824   256  5120   1532  err/sqrtK=0.0e+00
24  5120   256 13824   1512  err/sqrtK=0.0e+00
# load after: { 3.31 3.44 4.13 }
