# 2026-09-22 22:34:08 load before: { 3.10 3.31 3.91 }
# all col mt f32 beta=1 online=1 x4=1 heap=1 model=1 shape=0 cdirect=2 pack4=1 pf=0 threads=1
 0   512   512   512   1794  err/sqrtK=0.0e+00
 0  1000  1000  1000   1714  err/sqrtK=0.0e+00
 0  1024  1024  1024   1776  err/sqrtK=0.0e+00
 0  2048  2048  2048   1546  err/sqrtK=0.0e+00
 0  3000  3000  3000   1571  err/sqrtK=0.0e+00
 0  4096  4096  4096   1549  err/sqrtK=0.0e+00
 1    64  2112  7168    894  err/sqrtK=0.0e+00
 2    64 24576  1536    801  err/sqrtK=0.0e+00
 3    64 32768   512    726  err/sqrtK=0.0e+00
 4    64  7168 16384    919  err/sqrtK=0.0e+00
 5    64  4096  7168    885  err/sqrtK=0.0e+00
 6    64  7168  2048    790  err/sqrtK=0.0e+00
 7   128  2112  7168   1217  err/sqrtK=0.0e+00
 8   128 24576  1536   1122  err/sqrtK=0.0e+00
 9   128 32768   512    973  err/sqrtK=0.0e+00
10   128  7168 16384   1141  err/sqrtK=0.0e+00
11   128  4096  7168   1173  err/sqrtK=0.0e+00
12   128  7168  2048   1082  err/sqrtK=0.0e+00
13  4096  2112  7168   1581  err/sqrtK=0.0e+00
14  4096 24576  1536   1491  err/sqrtK=0.0e+00
15  4096 32768   512   1327  err/sqrtK=0.0e+00
16  4096  7168 16384   1590  err/sqrtK=0.0e+00
17  4096  4096  7168   1581  err/sqrtK=0.0e+00
18  4096  7168  2048   1510  err/sqrtK=0.0e+00
19  4096   256  4096   1480  err/sqrtK=0.0e+00
20 11008   256  4096   1353  err/sqrtK=0.0e+00
21  4096   256 11008   1470  err/sqrtK=0.0e+00
22  5120   256  5120   1421  err/sqrtK=0.0e+00
23 13824   256  5120   1337  err/sqrtK=0.0e+00
24  5120   256 13824   1389  err/sqrtK=0.0e+00
# load after: { 2.66 3.19 3.84 }
