# 2026-09-22 22:34:52 load before: { 3.01 3.23 3.84 }
# all col mt f32 beta=1 online=1 x4=1 heap=1 model=1 shape=0 cdirect=2 pack4=1 pf=5 threads=1
 0   512   512   512   1784  err/sqrtK=0.0e+00
 0  1000  1000  1000   1684  err/sqrtK=0.0e+00
 0  1024  1024  1024   1726  err/sqrtK=0.0e+00
 0  2048  2048  2048   1628  err/sqrtK=0.0e+00
 0  3000  3000  3000   1529  err/sqrtK=0.0e+00
 0  4096  4096  4096   1606  err/sqrtK=0.0e+00
 1    64  2112  7168   1028  err/sqrtK=0.0e+00
 2    64 24576  1536   1098  err/sqrtK=0.0e+00
 3    64 32768   512    992  err/sqrtK=0.0e+00
 4    64  7168 16384   1007  err/sqrtK=0.0e+00
 5    64  4096  7168    988  err/sqrtK=0.0e+00
 6    64  7168  2048   1094  err/sqrtK=0.0e+00
 7   128  2112  7168   1329  err/sqrtK=0.0e+00
 8   128 24576  1536   1366  err/sqrtK=0.0e+00
 9   128 32768   512   1282  err/sqrtK=0.0e+00
10   128  7168 16384   1257  err/sqrtK=0.0e+00
11   128  4096  7168   1301  err/sqrtK=0.0e+00
12   128  7168  2048   1288  err/sqrtK=0.0e+00
13  4096  2112  7168   1586  err/sqrtK=0.0e+00
14  4096 24576  1536   1606  err/sqrtK=0.0e+00
15  4096 32768   512   1593  err/sqrtK=0.0e+00
16  4096  7168 16384   1606  err/sqrtK=0.0e+00
17  4096  4096  7168   1641  err/sqrtK=0.0e+00
18  4096  7168  2048   1612  err/sqrtK=0.0e+00
19  4096   256  4096   1473  err/sqrtK=0.0e+00
20 11008   256  4096   1430  err/sqrtK=0.0e+00
21  4096   256 11008   1464  err/sqrtK=0.0e+00
22  5120   256  5120   1494  err/sqrtK=0.0e+00
23 13824   256  5120   1443  err/sqrtK=0.0e+00
24  5120   256 13824   1410  err/sqrtK=0.0e+00
# load after: { 6.81 4.16 4.16 }
