# 2026-09-22 22:26:15 load before: { 3.75 3.53 4.38 }
# all row mt f32 beta=0 online=1 x4=0 heap=1 model=1 shape=0 cdirect=2 pack4=1 pf=7 threads=1
 0   512   512   512   1660  err/sqrtK=0.0e+00
 0  1000  1000  1000   1553  err/sqrtK=0.0e+00
 0  1024  1024  1024   1603  err/sqrtK=0.0e+00
 0  2048  2048  2048   1532  err/sqrtK=0.0e+00
 0  3000  3000  3000   1477  err/sqrtK=0.0e+00
 0  4096  4096  4096   1530  err/sqrtK=0.0e+00
 1    64  2112  7168   1026  err/sqrtK=0.0e+00
 2    64 24576  1536    870  err/sqrtK=0.0e+00
 3    64 32768   512    837  err/sqrtK=0.0e+00
 4    64  7168 16384    902  err/sqrtK=0.0e+00
 5    64  4096  7168    908  err/sqrtK=0.0e+00
 6    64  7168  2048    903  err/sqrtK=0.0e+00
 7   128  2112  7168   1289  err/sqrtK=0.0e+00
 8   128 24576  1536   1129  err/sqrtK=0.0e+00
 9   128 32768   512   1089  err/sqrtK=0.0e+00
10   128  7168 16384   1171  err/sqrtK=0.0e+00
11   128  4096  7168   1187  err/sqrtK=0.0e+00
12   128  7168  2048   1175  err/sqrtK=0.0e+00
13  4096  2112  7168   1592  err/sqrtK=0.0e+00
14  4096 24576  1536   1520  err/sqrtK=0.0e+00
15  4096 32768   512   1523  err/sqrtK=0.0e+00
16  4096  7168 16384   1547  err/sqrtK=0.0e+00
17  4096  4096  7168   1538  err/sqrtK=0.0e+00
18  4096  7168  2048   1532  err/sqrtK=0.0e+00
19  4096   256  4096   1342  err/sqrtK=0.0e+00
20 11008   256  4096   1358  err/sqrtK=0.0e+00
21  4096   256 11008   1399  err/sqrtK=0.0e+00
22  5120   256  5120   1398  err/sqrtK=0.0e+00
23 13824   256  5120   1402  err/sqrtK=0.0e+00
24  5120   256 13824   1388  err/sqrtK=0.0e+00
# load after: { 3.76 3.55 4.37 }
