# 2026-09-22 22:31:19 load before: { 3.10 3.37 4.05 }
# all col mt f32 beta=1 online=1 x4=0 heap=1 model=1 shape=0 cdirect=2 pack4=1 pf=7 threads=1
 0   512   512   512   1628  err/sqrtK=0.0e+00
 0  1000  1000  1000   1534  err/sqrtK=0.0e+00
 0  1024  1024  1024   1612  err/sqrtK=0.0e+00
 0  2048  2048  2048   1533  err/sqrtK=0.0e+00
 0  3000  3000  3000   1447  err/sqrtK=0.0e+00
 0  4096  4096  4096   1528  err/sqrtK=0.0e+00
 1    64  2112  7168    933  err/sqrtK=0.0e+00
 2    64 24576  1536    910  err/sqrtK=0.0e+00
 3    64 32768   512    818  err/sqrtK=0.0e+00
 4    64  7168 16384    884  err/sqrtK=0.0e+00
 5    64  4096  7168    920  err/sqrtK=0.0e+00
 6    64  7168  2048    925  err/sqrtK=0.0e+00
 7   128  2112  7168   1199  err/sqrtK=0.0e+00
 8   128 24576  1536   1182  err/sqrtK=0.0e+00
 9   128 32768   512   1076  err/sqrtK=0.0e+00
10   128  7168 16384   1158  err/sqrtK=0.0e+00
11   128  4096  7168   1189  err/sqrtK=0.0e+00
12   128  7168  2048   1182  err/sqrtK=0.0e+00
13  4096  2112  7168   1524  err/sqrtK=0.0e+00
14  4096 24576  1536   1515  err/sqrtK=0.0e+00
15  4096 32768   512   1494  err/sqrtK=0.0e+00
16  4096  7168 16384   1529  err/sqrtK=0.0e+00
17  4096  4096  7168   1538  err/sqrtK=0.0e+00
18  4096  7168  2048   1512  err/sqrtK=0.0e+00
19  4096   256  4096   1398  err/sqrtK=0.0e+00
20 11008   256  4096   1420  err/sqrtK=0.0e+00
21  4096   256 11008   1397  err/sqrtK=0.0e+00
22  5120   256  5120   1403  err/sqrtK=0.0e+00
23 13824   256  5120   1408  err/sqrtK=0.0e+00
24  5120   256 13824   1418  err/sqrtK=0.0e+00
# load after: { 2.85 3.30 4.01 }
