# 2026-09-22 22:28:20 load before: { 3.53 3.47 4.24 }
# all row mt f32 beta=0 online=1 x4=1 heap=1 model=1 shape=0 cdirect=2 pack4=0 pf=7 threads=1
 0   512   512   512   1765  err/sqrtK=0.0e+00
 0  1000  1000  1000   1699  err/sqrtK=0.0e+00
 0  1024  1024  1024   1738  err/sqrtK=0.0e+00
 0  2048  2048  2048   1631  err/sqrtK=0.0e+00
 0  3000  3000  3000   1607  err/sqrtK=0.0e+00
 0  4096  4096  4096   1612  err/sqrtK=0.0e+00
 1    64  2112  7168   1277  err/sqrtK=0.0e+00
 2    64 24576  1536    930  err/sqrtK=0.0e+00
 3    64 32768   512    908  err/sqrtK=0.0e+00
 4    64  7168 16384    986  err/sqrtK=0.0e+00
 5    64  4096  7168    959  err/sqrtK=0.0e+00
 6    64  7168  2048   1001  err/sqrtK=0.0e+00
 7   128  2112  7168   1419  err/sqrtK=0.0e+00
 8   128 24576  1536   1234  err/sqrtK=0.0e+00
 9   128 32768   512   1191  err/sqrtK=0.0e+00
10   128  7168 16384   1278  err/sqrtK=0.0e+00
11   128  4096  7168   1243  err/sqrtK=0.0e+00
12   128  7168  2048   1287  err/sqrtK=0.0e+00
13  4096  2112  7168   1756  err/sqrtK=0.0e+00
14  4096 24576  1536   1622  err/sqrtK=0.0e+00
15  4096 32768   512   1607  err/sqrtK=0.0e+00
16  4096  7168 16384   1642  err/sqrtK=0.0e+00
17  4096  4096  7168   1622  err/sqrtK=0.0e+00
18  4096  7168  2048   1659  err/sqrtK=0.0e+00
19  4096   256  4096   1509  err/sqrtK=0.0e+00
20 11008   256  4096   1461  err/sqrtK=0.0e+00
21  4096   256 11008   1484  err/sqrtK=0.0e+00
22  5120   256  5120   1547  err/sqrtK=0.0e+00
23 13824   256  5120   1521  err/sqrtK=0.0e+00
24  5120   256 13824   1500  err/sqrtK=0.0e+00
# load after: { 3.46 3.46 4.22 }
