# 2026-09-22 22:33:25 load before: { 3.52 3.42 3.97 }
# all col mt f32 beta=1 online=1 x4=1 heap=1 model=1 shape=0 cdirect=2 pack4=0 pf=7 threads=1
 0   512   512   512   1729  err/sqrtK=0.0e+00
 0  1000  1000  1000   1629  err/sqrtK=0.0e+00
 0  1024  1024  1024   1699  err/sqrtK=0.0e+00
 0  2048  2048  2048   1620  err/sqrtK=0.0e+00
 0  3000  3000  3000   1620  err/sqrtK=0.0e+00
 0  4096  4096  4096   1618  err/sqrtK=0.0e+00
 1    64  2112  7168   1032  err/sqrtK=0.0e+00
 2    64 24576  1536   1034  err/sqrtK=0.0e+00
 3    64 32768   512    921  err/sqrtK=0.0e+00
 4    64  7168 16384    976  err/sqrtK=0.0e+00
 5    64  4096  7168   1015  err/sqrtK=0.0e+00
 6    64  7168  2048   1031  err/sqrtK=0.0e+00
 7   128  2112  7168   1288  err/sqrtK=0.0e+00
 8   128 24576  1536   1332  err/sqrtK=0.0e+00
 9   128 32768   512   1199  err/sqrtK=0.0e+00
10   128  7168 16384   1298  err/sqrtK=0.0e+00
11   128  4096  7168   1354  err/sqrtK=0.0e+00
12   128  7168  2048   1370  err/sqrtK=0.0e+00
13  4096  2112  7168   1678  err/sqrtK=0.0e+00
14  4096 24576  1536   1674  err/sqrtK=0.0e+00
15  4096 32768   512   1667  err/sqrtK=0.0e+00
16  4096  7168 16384   1699  err/sqrtK=0.0e+00
17  4096  4096  7168   1694  err/sqrtK=0.0e+00
18  4096  7168  2048   1656  err/sqrtK=0.0e+00
19  4096   256  4096   1559  err/sqrtK=0.0e+00
20 11008   256  4096   1607  err/sqrtK=0.0e+00
21  4096   256 11008   1568  err/sqrtK=0.0e+00
22  5120   256  5120   1576  err/sqrtK=0.0e+00
23 13824   256  5120   1535  err/sqrtK=0.0e+00
24  5120   256 13824   1568  err/sqrtK=0.0e+00
# load after: { 2.94 3.30 3.92 }
