# 2026-09-22 22:26:37 load before: { 3.76 3.55 4.37 }
# all row mt f32 beta=0 online=1 x4=1 heap=0 model=1 shape=0 cdirect=2 pack4=1 pf=7 threads=1
 0   512   512   512   1737  err/sqrtK=0.0e+00
 0  1000  1000  1000   1690  err/sqrtK=0.0e+00
 0  1024  1024  1024   1724  err/sqrtK=0.0e+00
 0  2048  2048  2048   1613  err/sqrtK=0.0e+00
 0  3000  3000  3000   1589  err/sqrtK=0.0e+00
 0  4096  4096  4096   1612  err/sqrtK=0.0e+00
 1    64  2112  7168   1210  err/sqrtK=0.0e+00
 2    64 24576  1536    923  err/sqrtK=0.0e+00
 3    64 32768   512    909  err/sqrtK=0.0e+00
 4    64  7168 16384    966  err/sqrtK=0.0e+00
 5    64  4096  7168    965  err/sqrtK=0.0e+00
 6    64  7168  2048    974  err/sqrtK=0.0e+00
 7   128  2112  7168   1447  err/sqrtK=0.0e+00
 8   128 24576  1536   1212  err/sqrtK=0.0e+00
 9   128 32768   512   1174  err/sqrtK=0.0e+00
10   128  7168 16384   1244  err/sqrtK=0.0e+00
11   128  4096  7168   1237  err/sqrtK=0.0e+00
12   128  7168  2048   1256  err/sqrtK=0.0e+00
13  4096  2112  7168   1721  err/sqrtK=0.0e+00
14  4096 24576  1536   1598  err/sqrtK=0.0e+00
15  4096 32768   512   1622  err/sqrtK=0.0e+00
16  4096  7168 16384   1641  err/sqrtK=0.0e+00
17  4096  4096  7168   1615  err/sqrtK=0.0e+00
18  4096  7168  2048   1634  err/sqrtK=0.0e+00
19  4096   256  4096   1498  err/sqrtK=0.0e+00
20 11008   256  4096   1487  err/sqrtK=0.0e+00
21  4096   256 11008   1522  err/sqrtK=0.0e+00
22  5120   256  5120   1543  err/sqrtK=0.0e+00
23 13824   256  5120   1527  err/sqrtK=0.0e+00
24  5120   256 13824   1505  err/sqrtK=0.0e+00
# load after: { 3.84 3.58 4.36 }
