# 2026-09-22 22:31:42 load before: { 2.85 3.30 4.01 }
# all col mt f32 beta=1 online=1 x4=1 heap=0 model=1 shape=0 cdirect=2 pack4=1 pf=7 threads=1
 0   512   512   512   1726  err/sqrtK=0.0e+00
 0  1000  1000  1000   1580  err/sqrtK=0.0e+00
 0  1024  1024  1024   1730  err/sqrtK=0.0e+00
 0  2048  2048  2048   1642  err/sqrtK=0.0e+00
 0  3000  3000  3000   1550  err/sqrtK=0.0e+00
 0  4096  4096  4096   1614  err/sqrtK=0.0e+00
 1    64  2112  7168   1054  err/sqrtK=0.0e+00
 2    64 24576  1536   1063  err/sqrtK=0.0e+00
 3    64 32768   512    967  err/sqrtK=0.0e+00
 4    64  7168 16384   1011  err/sqrtK=0.0e+00
 5    64  4096  7168   1050  err/sqrtK=0.0e+00
 6    64  7168  2048   1079  err/sqrtK=0.0e+00
 7   128  2112  7168   1329  err/sqrtK=0.0e+00
 8   128 24576  1536   1353  err/sqrtK=0.0e+00
 9   128 32768   512   1249  err/sqrtK=0.0e+00
10   128  7168 16384   1255  err/sqrtK=0.0e+00
11   128  4096  7168   1319  err/sqrtK=0.0e+00
12   128  7168  2048   1352  err/sqrtK=0.0e+00
13  4096  2112  7168   1606  err/sqrtK=0.0e+00
14  4096 24576  1536   1614  err/sqrtK=0.0e+00
15  4096 32768   512   1616  err/sqrtK=0.0e+00
16  4096  7168 16384   1603  err/sqrtK=0.0e+00
17  4096  4096  7168   1598  err/sqrtK=0.0e+00
18  4096  7168  2048   1600  err/sqrtK=0.0e+00
19  4096   256  4096   1455  err/sqrtK=0.0e+00
20 11008   256  4096   1539  err/sqrtK=0.0e+00
21  4096   256 11008   1462  err/sqrtK=0.0e+00
22  5120   256  5120   1462  err/sqrtK=0.0e+00
23 13824   256  5120   1464  err/sqrtK=0.0e+00
24  5120   256 13824   1467  err/sqrtK=0.0e+00
# load after: { 3.26 3.37 4.01 }
