# 2026-09-22 22:30:35 load before: { 3.40 3.45 4.12 }
# all col mt f32 beta=1 online=1 x4=1 heap=1 model=1 shape=0 cdirect=2 pack4=1 pf=7 threads=1
 0   512   512   512   1733  err/sqrtK=0.0e+00
 0  1000  1000  1000   1623  err/sqrtK=0.0e+00
 0  1024  1024  1024   1716  err/sqrtK=0.0e+00
 0  2048  2048  2048   1645  err/sqrtK=0.0e+00
 0  3000  3000  3000   1546  err/sqrtK=0.0e+00
 0  4096  4096  4096   1605  err/sqrtK=0.0e+00
 1    64  2112  7168   1045  err/sqrtK=0.0e+00
 2    64 24576  1536   1075  err/sqrtK=0.0e+00
 3    64 32768   512    975  err/sqrtK=0.0e+00
 4    64  7168 16384   1004  err/sqrtK=0.0e+00
 5    64  4096  7168   1032  err/sqrtK=0.0e+00
 6    64  7168  2048   1087  err/sqrtK=0.0e+00
 7   128  2112  7168   1320  err/sqrtK=0.0e+00
 8   128 24576  1536   1373  err/sqrtK=0.0e+00
 9   128 32768   512   1257  err/sqrtK=0.0e+00
10   128  7168 16384   1241  err/sqrtK=0.0e+00
11   128  4096  7168   1306  err/sqrtK=0.0e+00
12   128  7168  2048   1351  err/sqrtK=0.0e+00
13  4096  2112  7168   1593  err/sqrtK=0.0e+00
14  4096 24576  1536   1611  err/sqrtK=0.0e+00
15  4096 32768   512   1618  err/sqrtK=0.0e+00
16  4096  7168 16384   1601  err/sqrtK=0.0e+00
17  4096  4096  7168   1601  err/sqrtK=0.0e+00
18  4096  7168  2048   1601  err/sqrtK=0.0e+00
19  4096   256  4096   1463  err/sqrtK=0.0e+00
20 11008   256  4096   1542  err/sqrtK=0.0e+00
21  4096   256 11008   1468  err/sqrtK=0.0e+00
22  5120   256  5120   1483  err/sqrtK=0.0e+00
23 13824   256  5120   1481  err/sqrtK=0.0e+00
24  5120   256 13824   1455  err/sqrtK=0.0e+00
# load after: { 3.35 3.44 4.09 }
