# 2026-09-27 23:46:12 load before: { 2.83 2.71 3.09 } VECLIB_MAXIMUM_THREADS=1
# all row accel f64 beta=0
 0   512   512   512    447
 0  1000  1000  1000    487
 0  1024  1024  1024    448
 0  2048  2048  2048    399
 0  3000  3000  3000    407
 0  4096  4096  4096    394
 1    64  2112  7168    318
 2    64 24576  1536    217
 3    64 32768   512    205
 4    64  7168 16384    221
 5    64  4096  7168    223
 6    64  7168  2048    225
 7   128  2112  7168    363
 8   128 24576  1536    284
 9   128 32768   512    265
10   128  7168 16384    290
11   128  4096  7168    295
12   128  7168  2048    295
13  4096  2112  7168    393
14  4096 24576  1536    389
15  4096 32768   512    384
16  4096  7168 16384    388
17  4096  4096  7168    389
18  4096  7168  2048    400
19  4096   256  4096    396
20 11008   256  4096    395
21  4096   256 11008    397
22  5120   256  5120    397
23 13824   256  5120    395
24  5120   256 13824    390
# load after: { 2.43 2.64 3.04 }
