# 2026-10-01 21:14:56 load before: { 2.36 2.49 2.27 } VECLIB_MAXIMUM_THREADS=1
# all col accel f64 beta=1
 0   512   512   512    435
 0  1000  1000  1000    434
 0  1024  1024  1024    309
 0  2048  2048  2048    394
 0  3000  3000  3000    396
 0  4096  4096  4096    384
 1    64  2112  7168    326
 2    64 24576  1536    308
 3    64 32768   512    282
 4    64  7168 16384    306
 5    64  4096  7168    310
 6    64  7168  2048    307
 7   128  2112  7168    379
 8   128 24576  1536    351
 9   128 32768   512    327
10   128  7168 16384    353
11   128  4096  7168    359
12   128  7168  2048    355
13  4096  2112  7168    382
14  4096 24576  1536    379
15  4096 32768   512    350
16  4096  7168 16384    389
17  4096  4096  7168    385
18  4096  7168  2048    400
19  4096   256  4096    322
20 11008   256  4096    371
21  4096   256 11008    336
22  5120   256  5120    342
23 13824   256  5120    342
24  5120   256 13824    339
# load after: { 2.27 2.46 2.27 } other benchmarks seen: 0
