# 2026-10-01 21:06:38 load before: { 1.76 1.87 1.91 } VECLIB_MAXIMUM_THREADS=default
# all row accel f32 beta=0
 0   512   512   512   2812
 0  1000  1000  1000   3586
 0  1024  1024  1024   3013
 0  2048  2048  2048   3085
 0  3000  3000  3000   3219
 0  4096  4096  4096   2872
 1    64  2112  7168   2191
 2    64 24576  1536   1342
 3    64 32768   512   1361
 4    64  7168 16384   1393
 5    64  4096  7168   1325
 6    64  7168  2048   1322
 7   128  2112  7168   2895
 8   128 24576  1536   1999
 9   128 32768   512   1985
10   128  7168 16384   1934
11   128  4096  7168   1946
12   128  7168  2048   2109
13  4096  2112  7168   3044
14  4096 24576  1536   3648
15  4096 32768   512   3491
16  4096  7168 16384   3246
17  4096  4096  7168   3188
18  4096  7168  2048   3239
19  4096   256  4096   3019
20 11008   256  4096   3056
21  4096   256 11008   3188
22  5120   256  5120   3085
23 13824   256  5120   3038
24  5120   256 13824   3104
# load after: { 2.11 1.94 1.93 } other benchmarks seen: 0
