# 2026-10-01 21:18:29 load before: { 2.11 2.78 2.49 } VECLIB_MAXIMUM_THREADS=default
# small row accel f32 beta=0
 0     4     4     4      5
 0     8     8     8     16
 0    12    12    12     22
 0    16    16    16     45
 0    24    24    24    102
 0    32    32    32    303
 0    48    48    48    573
 0    64    64    64   1017
 0    96    96    96   1361
 0   128   128   128   1550
 0   192   192   192   1669
 0   256   256   256   1760
 0   384   384   384   1826
# load after: { 2.02 2.75 2.48 } other benchmarks seen: 0
