# 2026-10-01 21:25:16 load before: { 1.95 2.19 2.28 } VECLIB_MAXIMUM_THREADS=default
# thin col accel f32 beta=1
 0     1  4096  4096    103
 0     4  4096  4096     81
 0     8  4096  4096    312
 0    16  4096  4096    625
 0    32  4096  4096   1228
 0    64  4096  4096   1937
 0  4096     1  4096     96
 0  4096     4  4096     49
 0  4096     8  4096    191
 0  4096    16  4096    380
 0  4096    32  4096    745
 0  4096    64  4096   1291
 0     8     8  4096     49
 0    16    16  4096    310
 0    32    32  4096    736
# load after: { 2.99 2.40 2.35 } other benchmarks seen: 0
