# 2026-10-01 21:20:32 load before: { 2.28 2.50 2.40 } VECLIB_MAXIMUM_THREADS=default
# small col accel f32 beta=1
 0     4     4     4      5
 0     8     8     8     25
 0    12    12    12     29
 0    16    16    16     48
 0    24    24    24    112
 0    32    32    32    310
 0    48    48    48    518
 0    64    64    64    915
 0    96    96    96   1244
 0   128   128   128   1424
 0   192   192   192   1588
 0   256   256   256   1681
 0   384   384   384   1776
# load after: { 2.34 2.51 2.41 } other benchmarks seen: 0
