# 2026-10-01 21:14:20 load before: { 2.26 2.49 2.27 } VECLIB_MAXIMUM_THREADS=1
# all col accel f32 beta=1
 0   512   512   512   1756
 0  1000  1000  1000   1745
 0  1024  1024  1024   1607
 0  2048  2048  2048   1550
 0  3000  3000  3000   1488
 0  4096  4096  4096   1504
 1    64  2112  7168    921
 2    64 24576  1536   1019
 3    64 32768   512    877
 4    64  7168 16384    876
 5    64  4096  7168    884
 6    64  7168  2048    982
 7   128  2112  7168   1239
 8   128 24576  1536   1229
 9   128 32768   512   1074
10   128  7168 16384   1152
11   128  4096  7168   1163
12   128  7168  2048   1213
13  4096  2112  7168   1449
14  4096 24576  1536   1459
15  4096 32768   512   1223
16  4096  7168 16384   1504
17  4096  4096  7168   1471
18  4096  7168  2048   1525
19  4096   256  4096   1202
20 11008   256  4096   1406
21  4096   256 11008   1155
22  5120   256  5120   1159
23 13824   256  5120   1336
24  5120   256 13824   1170
# load after: { 2.17 2.46 2.26 } other benchmarks seen: 0
