# 2026-09-27 23:48:57 load before: { 2.57 2.65 2.99 } VECLIB_MAXIMUM_THREADS=1
# thin col accel f64 beta=1
 0     1  4096  4096     34
 0     4  4096  4096     53
 0     8  4096  4096    111
 0    16  4096  4096    181
 0    32  4096  4096    250
 0    64  4096  4096    310
 0  4096     1  4096     26
 0  4096     4  4096     23
 0  4096     8  4096     46
 0  4096    16  4096     91
 0  4096    32  4096    151
 0  4096    64  4096    223
 0     8     8  4096     84
 0    16    16  4096    245
 0    32    32  4096    331
# load after: { 2.44 2.62 2.98 }
