# 2026-09-27 23:48:16 load before: { 2.55 2.65 3.01 } VECLIB_MAXIMUM_THREADS=1
# small row accel f32 beta=0
 0     4     4     4      4
 0     8     8     8     15
 0    12    12    12     20
 0    16    16    16     47
 0    24    24    24    112
 0    32    32    32    305
 0    48    48    48    575
 0    64    64    64   1018
 0    96    96    96   1370
 0   128   128   128   1550
 0   192   192   192   1683
 0   256   256   256   1777
 0   384   384   384   1814
# load after: { 2.55 2.65 3.01 }
