# 2026-10-01 21:22:52 load before: { 1.91 2.21 2.30 } VECLIB_MAXIMUM_THREADS=default
# thin row accel f32 beta=0
 0     1  4096  4096     93
 0     4  4096  4096     49
 0     8  4096  4096    190
 0    16  4096  4096    378
 0    32  4096  4096    743
 0    64  4096  4096   1328
 0  4096     1  4096    101
 0  4096     4  4096     81
 0  4096     8  4096    307
 0  4096    16  4096    617
 0  4096    32  4096   1183
 0  4096    64  4096   1841
 0     8     8  4096     49
 0    16    16  4096    310
 0    32    32  4096    606
# load after: { 2.07 2.24 2.31 } other benchmarks seen: 0
