# 2026-10-01 21:20:28 load before: { 1.96 2.44 2.38 } VECLIB_MAXIMUM_THREADS=1
# small col accel f32 beta=1
 0     4     4     4      5
 0     8     8     8     25
 0    12    12    12     29
 0    16    16    16     47
 0    24    24    24    111
 0    32    32    32    303
 0    48    48    48    502
 0    64    64    64    918
 0    96    96    96   1254
 0   128   128   128   1430
 0   192   192   192   1595
 0   256   256   256   1688
 0   384   384   384   1779
# load after: { 2.28 2.50 2.40 } other benchmarks seen: 0
