# 2026-10-01 21:22:46 load before: { 1.99 2.23 2.31 } VECLIB_MAXIMUM_THREADS=1
# thin row accel f32 beta=0
 0     1  4096  4096     73
 0     4  4096  4096     48
 0     8  4096  4096     97
 0    16  4096  4096    193
 0    32  4096  4096    380
 0    64  4096  4096    628
 0  4096     1  4096     64
 0  4096     4  4096     81
 0  4096     8  4096    162
 0  4096    16  4096    324
 0  4096    32  4096    635
 0  4096    64  4096    898
 0     8     8  4096     49
 0    16    16  4096    303
 0    32    32  4096    603
# load after: { 1.91 2.21 2.30 } other benchmarks seen: 0
