# 2026-10-01 21:14:40 load before: { 2.17 2.46 2.26 } VECLIB_MAXIMUM_THREADS=default
# all col accel f32 beta=1
 0   512   512   512   2611
 0  1000  1000  1000   3426
 0  1024  1024  1024   2848
 0  2048  2048  2048   3036
 0  3000  3000  3000   2943
 0  4096  4096  4096   2737
 1    64  2112  7168   1750
 2    64 24576  1536   2157
 3    64 32768   512   1791
 4    64  7168 16384   1886
 5    64  4096  7168   1928
 6    64  7168  2048   1954
 7   128  2112  7168   2607
 8   128 24576  1536   2631
 9   128 32768   512   2252
10   128  7168 16384   2519
11   128  4096  7168   2632
12   128  7168  2048   2619
13  4096  2112  7168   2872
14  4096 24576  1536   3241
15  4096 32768   512   2716
16  4096  7168 16384   2789
17  4096  4096  7168   3128
18  4096  7168  2048   2899
19  4096   256  4096   2309
20 11008   256  4096   2795
21  4096   256 11008   2352
22  5120   256  5120   2283
23 13824   256  5120   2806
24  5120   256 13824   2514
# load after: { 2.36 2.49 2.27 } other benchmarks seen: 0
