# 2026-09-27 23:48:22 load before: { 2.67 2.67 3.01 } VECLIB_MAXIMUM_THREADS=1
# small row accel f64 beta=0
 0     4     4     4      4
 0     8     8     8     11
 0    12    12    12     17
 0    16    16    16     42
 0    24    24    24     89
 0    32    32    32    192
 0    48    48    48    323
 0    64    64    64    388
 0    96    96    96    437
 0   128   128   128    457
 0   192   192   192    471
 0   256   256   256    474
 0   384   384   384    486
# load after: { 2.67 2.67 3.01 }
