# 2026-10-01 21:06:18 load before: { 1.98 1.91 1.93 } VECLIB_MAXIMUM_THREADS=1
# all row accel f32 beta=0
 0   512   512   512   1791
 0  1000  1000  1000   1837
 0  1024  1024  1024   1688
 0  2048  2048  2048   1679
 0  3000  3000  3000   1577
 0  4096  4096  4096   1595
 1    64  2112  7168   1182
 2    64 24576  1536    633
 3    64 32768   512    620
 4    64  7168 16384    639
 5    64  4096  7168    626
 6    64  7168  2048    673
 7   128  2112  7168   1422
 8   128 24576  1536    936
 9   128 32768   512    909
10   128  7168 16384    906
11   128  4096  7168    920
12   128  7168  2048    974
13  4096  2112  7168   1569
14  4096 24576  1536   1643
15  4096 32768   512   1604
16  4096  7168 16384   1508
17  4096  4096  7168   1515
18  4096  7168  2048   1670
19  4096   256  4096   1419
20 11008   256  4096   1417
21  4096   256 11008   1431
22  5120   256  5120   1417
23 13824   256  5120   1407
24  5120   256 13824   1420
# load after: { 1.76 1.87 1.91 } other benchmarks seen: 0
