# 2026-10-01 21:25:10 load before: { 1.77 2.16 2.27 } VECLIB_MAXIMUM_THREADS=1
# thin col accel f32 beta=1
 0     1  4096  4096     64
 0     4  4096  4096     79
 0     8  4096  4096    161
 0    16  4096  4096    322
 0    32  4096  4096    636
 0    64  4096  4096    935
 0  4096     1  4096     74
 0  4096     4  4096     49
 0  4096     8  4096     97
 0  4096    16  4096    193
 0  4096    32  4096    380
 0  4096    64  4096    627
 0     8     8  4096     49
 0    16    16  4096    303
 0    32    32  4096    742
# load after: { 1.95 2.19 2.28 } other benchmarks seen: 0
