# 2026-10-01 21:20:37 load before: { 2.34 2.51 2.41 } VECLIB_MAXIMUM_THREADS=1
# small col accel f64 beta=1
 0     4     4     4      4
 0     8     8     8     17
 0    12    12    12     21
 0    16    16    16     46
 0    24    24    24     87
 0    32    32    32    184
 0    48    48    48    291
 0    64    64    64    351
 0    96    96    96    403
 0   128   128   128    425
 0   192   192   192    438
 0   256   256   256    439
 0   384   384   384    462
# load after: { 2.23 2.48 2.40 } other benchmarks seen: 0
