# 2026-10-01 21:22:59 load before: { 2.07 2.24 2.31 } VECLIB_MAXIMUM_THREADS=1
# thin row accel f64 beta=0
 0     1  4096  4096     25
 0     4  4096  4096     23
 0     8  4096  4096     46
 0    16  4096  4096     92
 0    32  4096  4096    151
 0    64  4096  4096    223
 0  4096     1  4096     34
 0  4096     4  4096     54
 0  4096     8  4096    109
 0  4096    16  4096    182
 0  4096    32  4096    247
 0  4096    64  4096    313
 0     8     8  4096     84
 0    16    16  4096    239
 0    32    32  4096    328
# load after: { 2.39 2.30 2.33 } other benchmarks seen: 0
