# 2026-09-28 17:43:55 load before: { 3.67 5.69 5.78 } VECLIB_MAXIMUM_THREADS=default
# accelerate
#   n prec   gemm   symm   syrk  syr2k   trmm   trsm
   64 f32    902    679    610    755    436    158
   64 f64    350    286    284    313    213     94
  128 f32   1427   1203   1258   1338    922    361
  128 f64    424    386    397    403    344    155
  256 f32   1675   1535   1623   1641   1328    573
  256 f64    449    433    440    438    355    209
  512 f32   2505   2029   1768   1749   1860   1070
  512 f64    652    682    541    689    704    408
 1024 f32   2885   2732   2845   2811   2643   1589
 1024 f64    791    657    696    681    820    561
 2048 f32   2993   2693   1296   2215   3052   1866
 2048 f64    801    717    671    680    833    442
 4096 f32   3146   2996   2838   2835   3196   2159
 4096 f64    844    767    746    702    864    706
# load after: { 3.88 5.57 5.74 }
