# 2026-10-01 21:45:46 load before: { 2.33 2.53 2.35 } VECLIB_MAXIMUM_THREADS=1
# accelerate
#   n prec   gemm   symm   syrk  syr2k   trmm   trsm
   64 f32    924    693    637    790    445    146
   64 f64    353    287    285    315    217     95
  128 f32   1430   1205   1274   1350    928    354
  128 f64    429    390    400    407    349    156
  256 f32   1693   1544   1633   1652   1339    568
  256 f64    455    436    446    445    404    217
  512 f32   1758   1664   1770   1763   1516    743
  512 f64    437    439    453    454    415    233
 1024 f32   1619   1571   1764   1718   1564    802
 1024 f64    302    411    415    401    441    269
 2048 f32   1563   1592   1513   1477   1631    884
 2048 f64    385    389    387    369    412    289
 4096 f32   1491   1501   1495   1453   1564    994
 4096 f64    386    389    393    370    411    320
# load after: { 1.86 2.40 2.31 } other benchmarks seen: 0
