# 2026-09-22 22:10:01 load before: { 3.80 6.13 6.76 }
# all col mt f32 beta=1 online=1 x4=1 heap=1 model=1 shape=0 cdirect=0 pack4=0 threads=1
 0   512   512   512   1547  err/sqrtK=0.0e+00
 0  1000  1000  1000   1413  err/sqrtK=0.0e+00
 0  1024  1024  1024   1457  err/sqrtK=0.0e+00
 0  2048  2048  2048   1338  err/sqrtK=0.0e+00
 0  3000  3000  3000   1332  err/sqrtK=0.0e+00
 0  4096  4096  4096   1317  err/sqrtK=0.0e+00
 1    64  2112  7168    829  err/sqrtK=0.0e+00
 2    64 24576  1536    775  err/sqrtK=0.0e+00
 3    64 32768   512    727  err/sqrtK=0.0e+00
 4    64  7168 16384    587  err/sqrtK=0.0e+00
 5    64  4096  7168    821  err/sqrtK=0.0e+00
 6    64  7168  2048    817  err/sqrtK=0.0e+00
 7   128  2112  7168   1139  err/sqrtK=0.0e+00
 8   128 24576  1536   1023  err/sqrtK=0.0e+00
 9   128 32768   512    961  err/sqrtK=0.0e+00
10   128  7168 16384    897  err/sqrtK=0.0e+00
11   128  4096  7168   1107  err/sqrtK=0.0e+00
12   128  7168  2048   1016  err/sqrtK=0.0e+00
13  4096  2112  7168   1334  err/sqrtK=0.0e+00
14  4096 24576  1536   1298  err/sqrtK=0.0e+00
15  4096 32768   512   1170  err/sqrtK=0.0e+00
16  4096  7168 16384   1343  err/sqrtK=0.0e+00
17  4096  4096  7168   1346  err/sqrtK=0.0e+00
18  4096  7168  2048   1304  err/sqrtK=0.0e+00
19  4096   256  4096   1341  err/sqrtK=0.0e+00
20 11008   256  4096   1235  err/sqrtK=0.0e+00
21  4096   256 11008   1304  err/sqrtK=0.0e+00
22  5120   256  5120   1233  err/sqrtK=0.0e+00
23 13824   256  5120   1227  err/sqrtK=0.0e+00
24  5120   256 13824   1247  err/sqrtK=0.0e+00
# load after: { 3.71 5.96 6.68 }
