# 2026-09-22 22:05:48 load before: { 3.94 5.97 6.73 }
# all row mt f32 beta=0 online=1 x4=1 heap=1 model=1 shape=0 cdirect=0 pack4=1 threads=1
 0   512   512   512   1580  err/sqrtK=0.0e+00
 0  1000  1000  1000   1462  err/sqrtK=0.0e+00
 0  1024  1024  1024   1479  err/sqrtK=0.0e+00
 0  2048  2048  2048   1357  err/sqrtK=0.0e+00
 0  3000  3000  3000   1346  err/sqrtK=0.0e+00
 0  4096  4096  4096   1345  err/sqrtK=0.0e+00
 1    64  2112  7168    984  err/sqrtK=0.0e+00
 2    64 24576  1536    815  err/sqrtK=0.0e+00
 3    64 32768   512    815  err/sqrtK=0.0e+00
 4    64  7168 16384    825  err/sqrtK=0.0e+00
 5    64  4096  7168    872  err/sqrtK=0.0e+00
 6    64  7168  2048    855  err/sqrtK=0.0e+00
 7   128  2112  7168   1250  err/sqrtK=0.0e+00
 8   128 24576  1536   1039  err/sqrtK=0.0e+00
 9   128 32768   512   1067  err/sqrtK=0.0e+00
10   128  7168 16384   1065  err/sqrtK=0.0e+00
11   128  4096  7168   1125  err/sqrtK=0.0e+00
12   128  7168  2048   1104  err/sqrtK=0.0e+00
13  4096  2112  7168   1463  err/sqrtK=0.0e+00
14  4096 24576  1536   1383  err/sqrtK=0.0e+00
15  4096 32768   512   1494  err/sqrtK=0.0e+00
16  4096  7168 16384   1332  err/sqrtK=0.0e+00
17  4096  4096  7168   1369  err/sqrtK=0.0e+00
18  4096  7168  2048   1329  err/sqrtK=0.0e+00
19  4096   256  4096   1269  err/sqrtK=0.0e+00
20 11008   256  4096   1270  err/sqrtK=0.0e+00
21  4096   256 11008   1382  err/sqrtK=0.0e+00
22  5120   256  5120   1396  err/sqrtK=0.0e+00
23 13824   256  5120   1360  err/sqrtK=0.0e+00
24  5120   256 13824   1352  err/sqrtK=0.0e+00
# load after: { 4.07 5.84 6.66 }
