# gemv neon f64
    16      1       22.3     1.4 
    16      2       22.4     2.9 
    16      4       23.0     5.6 
    16      8       24.6    10.4 
    16     16       27.1    18.9 
    16     32       39.8    25.7 
    16     64       69.9    29.3 
    16    128      125.6    32.6 
    16    256      238.3    34.4 
    16   1024     1057.6    31.0 
    16   4096     5313.3    24.7 
    32      1       23.0     2.8 
    32      2       23.7     5.4 
    32      4       25.1    10.2 
    32      8       27.7    18.5 
    32     16       39.4    26.0 
    32     32       70.1    29.2 
    32     64      128.9    31.8 
    32    128      238.2    34.4 
    32    256      465.4    35.2 
    32   1024     3038.3    21.6 
    32   4096    12109.3    21.6 
    64      1       25.2     5.1 
    64      2       26.7     9.6 
    64      4       29.2    17.5 
    64      8       44.7    22.9 
    64     16       69.5    29.5 
    64     32      123.6    33.1 
    64     64      237.2    34.5 
    64    128      460.0    35.6 
    64    256      958.0    34.2 
    64   1024     6485.1    20.2 
    64   4096    25782.4    20.3 
    96      1       27.3     7.0 
    96      2       29.1    13.2 
    96      4       37.5    20.5 
    96      8       57.8    26.6 
    96     16       96.6    31.8 
    96     32      176.1    34.9 
    96     64      348.4    35.3 
    96    128      677.2    36.3 
    96    256     2247.4    21.9 
    96   1024     9651.7    20.4 
    96   4096    38580.6    20.4 
   128      1       29.6     8.7 
   128      2       32.4    15.8 
   128      4       46.0    22.3 
   128      8       72.1    28.4 
   128     16      124.7    32.9 
   128     32      229.6    35.7 
   128     64      458.1    35.8 
   128    128      984.4    33.3 
   128    256     2894.0    22.6 
   128   1024    12027.8    21.8 
   128   4096    49645.9    21.1 
   192      1       33.9    11.3 
   192      2       43.4    17.7 
   192      4       63.4    24.2 
   192      8      100.8    30.5 
   192     16      179.4    34.2 
   192     32      335.5    36.6 
   192     64      684.3    35.9 
   192    128     2269.4    21.7 
   192    256     4767.6    20.6 
   192   1024    18889.2    20.8 
   192   4096    75616.7    20.8 
   256      1       40.8    12.6 
   256      2       52.6    19.5 
   256      4       79.2    25.9 
   256      8      130.0    31.5 
   256     16      234.3    35.0 
   256     32      440.7    37.2 
   256     64      983.1    33.3 
   256    128     2798.0    23.4 
   256    256     5612.4    23.4 
   256   1024    23406.2    22.4 
   256   4096    96609.6    21.7 
   512      1       90.0    11.4 
   512      2       91.3    22.4 
   512      4      143.1    28.6 
   512      8      246.4    33.2 
   512     16      453.0    36.2 
   512     32     1220.0    26.9 
   512     64     4006.2    16.4 
   512    128     5632.1    23.3 
   512    256    11046.9    23.7 
   512   1024    43937.0    23.9 
   512   4096   197966.1    21.2 
  1024      1      123.1    16.6 
  1024      2      170.0    24.1 
  1024      4      273.0    30.0 
  1024      8      480.2    34.1 
  1024     16     1163.7    28.2 
  1024     32     4312.7    15.2 
  1024     64     8602.5    15.2 
  1024    128    11734.5    22.3 
  1024    256    23445.5    22.4 
  1024   1024    93785.6    22.4 
  1024   4096   534786.2    15.7 
  2048      1      233.3    17.6 
  2048      2      326.9    25.1 
  2048      4      533.0    30.7 
  2048      8     1204.8    27.2 
  2048     16     4432.7    14.8 
  2048     32     9254.5    14.2 
  2048     64    18595.8    14.1 
  2048    128    36999.5    14.2 
  2048    256    74467.0    14.1 
  2048   1024   294725.5    14.2 
  2048   4096  1217818.6    13.8 
  4096      1      451.6    18.1 
  4096      2      638.7    25.7 
  4096      4     1484.6    22.1 
  4096      8     3104.2    21.1 
  4096     16     9055.3    14.5 
  4096     32    18469.3    14.2 
  4096     64    35794.1    14.6 
  4096    128    74490.1    14.1 
  4096    256   149259.9    14.1 
  4096   1024   599484.1    14.0 
  4096   4096  2590182.2    13.0 
  8192      1      925.0    17.7 
  8192      2     2039.5    16.1 
  8192      4     3229.4    20.3 
  8192      8     6239.9    21.0 
  8192     16    18349.2    14.3 
  8192     32    35663.0    14.7 
  8192     64    78136.4    13.4 
  8192    128   152601.6    13.7 
  8192    256   305877.5    13.7 
  8192   1024  1297216.1    12.9 
  8192   4096  5270291.5    12.7 
