# gemv amx f32
    16      1       22.2     1.4 
    16      2       22.3     2.9 
    16      4       22.7     5.6 
    16      8       23.4    11.0 
    16     16       25.4    20.1 
    16     32       28.3    36.2 
    16     64       55.1    37.2 
    16    128       90.4    45.3 
    16    256      161.9    50.6 
    16   1024      595.0    55.1 
    16   4096     3030.6    43.3 
    32      1       22.5     2.8 
    32      2       22.9     5.6 
    32      4       23.5    10.9 
    32      8       25.3    20.2 
    32     16       27.4    37.4 
    32     32       39.6    51.7 
    32     64       68.6    59.7 
    32    128      132.9    61.6 
    32    256      251.6    65.1 
    32   1024     1041.6    62.9 
    32   4096     5464.5    48.0 
    64      1       23.7     5.4 
    64      2       24.6    10.4 
    64      4       26.4    19.4 
    64      8       28.0    36.5 
    64     16       41.3    49.5 
    64     32       69.9    58.6 
    64     64      125.4    65.3 
    64    128      246.2    66.5 
    64    256      478.1    68.5 
    64   1024     2916.4    44.9 
    64   4096    11798.3    44.4 
    96      1       24.7     7.8 
    96      2       25.8    14.9 
    96      4       27.6    27.9 
    96      8       36.4    42.1 
    96     16       56.8    54.1 
    96     32       96.5    63.7 
    96     64      177.9    69.1 
    96    128      467.7    52.5 
    96    256      844.7    58.2 
    96   1024     3092.8    63.6 
    96   4096    12480.0    63.0 
   128      1       25.9     9.9 
   128      2       27.1    18.9 
   128      4       29.7    34.5 
   128      8       45.9    44.6 
   128     16       72.7    56.3 
   128     32      124.8    65.6 
   128     64      342.5    47.8 
   128    128      514.6    63.7 
   128    256     1048.2    62.5 
   128   1024     3979.8    65.9 
   128   4096    15859.4    66.1 
   192      1       28.0    13.7 
   192      2       29.5    26.0 
   192      4       41.0    37.5 
   192      8       59.8    51.3 
   192     16       99.6    61.7 
   192     32      178.9    68.7 
   192     64      399.5    61.5 
   192    128      655.3    75.0 
   192    256     1296.6    75.8 
   192   1024     4953.2    79.4 
   192   4096    19790.4    79.5 
   256      1       30.3    16.9 
   256      2       34.6    29.6 
   256      4       48.2    42.5 
   256      8       74.4    55.1 
   256     16      127.2    64.4 
   256     32      275.5    59.5 
   256     64      462.0    70.9 
   256    128      795.1    82.4 
   256    256     1559.5    84.0 
   256   1024     6010.9    87.2 
   256   4096    23798.5    88.1 
   512      1       43.6    23.5 
   512      2       55.2    37.1 
   512      4       80.9    50.6 
   512      8      132.8    61.7 
   512     16      210.0    78.0 
   512     32      330.3    99.2 
   512     64      560.2   117.0 
   512    128     1034.5   126.7 
   512    256     1976.8   132.6 
   512   1024     7671.1   136.7 
   512   4096    30526.6   137.4 
  1024      1       71.8    28.5 
  1024      2       94.1    43.5 
  1024      4      145.7    56.2 
  1024      8      176.3    92.9 
  1024     16      313.8   104.4 
  1024     32      520.3   126.0 
  1024     64      930.3   140.9 
  1024    128     1749.7   149.8 
  1024    256     3397.3   154.3 
  1024   1024    13347.1   157.1 
  1024   4096    84823.8    98.9 
  2048      1      127.0    32.2 
  2048      2      172.6    47.5 
  2048      4      188.3    87.0 
  2048      8      298.9   109.6 
  2048     16      529.8   123.7 
  2048     32      905.5   144.8 
  2048     64     1650.2   158.9 
  2048    128     3150.9   166.4 
  2048    256     6148.0   170.6 
  2048   1024    24424.5   171.7 
  2048   4096   189034.2    88.8 
  4096      1      237.0    34.6 
  4096      2      254.9    64.3 
  4096      4      342.0    95.8 
  4096      8      538.9   121.6 
  4096     16      945.8   138.6 
  4096     32     1661.3   157.8 
  4096     64     3097.4   169.3 
  4096    128     6000.8   174.7 
  4096    256    11771.4   178.2 
  4096   1024    83060.0   101.0 
  4096   4096   400631.7    83.8 
  8192      1      382.7    42.8 
  8192      2      481.1    68.1 
  8192      4      648.3   101.1 
  8192      8     1023.1   128.1 
  8192     16     1781.5   147.2 
  8192     32     3176.1   165.1 
  8192     64     6034.6   173.8 
  8192    128    11627.1   180.4 
  8192    256    22775.9   184.2 
  8192   1024   207421.0    80.9 
  8192   4096   893259.1    75.1 
