# gemv amx f64
    16      1       21.5     1.5 
    16      2       21.8     2.9 
    16      4       22.2     5.8 
    16      8       23.6    10.8 
    16     16       26.9    19.0 
    16     32       39.5    25.9 
    16     64       69.4    29.5 
    16    128      125.6    32.6 
    16    256      237.6    34.5 
    16   1024     1059.4    30.9 
    16   4096     5240.7    25.0 
    32      1       22.8     2.8 
    32      2       23.8     5.4 
    32      4       25.4    10.1 
    32      8       27.8    18.4 
    32     16       40.1    25.5 
    32     32       68.8    29.7 
    32     64      128.9    31.8 
    32    128      239.2    34.3 
    32    256      466.5    35.1 
    32   1024     2992.7    21.9 
    32   4096    12032.4    21.8 
    64      1       25.1     5.1 
    64      2       26.4     9.7 
    64      4       29.3    17.5 
    64      8       44.0    23.3 
    64     16       69.4    29.5 
    64     32      124.3    33.0 
    64     64      378.8    21.6 
    64    128      558.5    29.3 
    64    256     1102.1    29.7 
    64   1024     4138.0    31.7 
    64   4096    16189.0    32.4 
    96      1       27.5     7.0 
    96      2       29.2    13.2 
    96      4       37.0    20.8 
    96      8       57.6    26.7 
    96     16       97.6    31.5 
    96     32      177.1    34.7 
    96     64      432.5    28.4 
    96    128      697.4    35.2 
    96    256     1339.6    36.7 
    96   1024     5102.7    38.5 
    96   4096    20145.6    39.0 
   128      1       30.4     8.4 
   128      2       32.9    15.6 
   128      4       46.2    22.2 
   128      8       72.2    28.4 
   128     16      124.4    32.9 
   128     32      309.5    26.5 
   128     64      496.6    33.0 
   128    128      867.0    37.8 
   128    256     1616.4    40.5 
   128   1024     6169.8    42.5 
   128   4096    24407.7    43.0 
   192      1       33.9    11.3 
   192      2       43.7    17.6 
   192      4       62.9    24.4 
   192      8      102.3    30.0 
   192     16      180.2    34.1 
   192     32      331.6    37.1 
   192     64      533.9    46.0 
   192    128      929.1    52.9 
   192    256     1773.6    55.4 
   192   1024     6834.9    57.5 
   192   4096    27070.1    58.1 
   256      1       40.8    12.5 
   256      2       52.7    19.4 
   256      4       78.9    26.0 
   256      8      131.0    31.3 
   256     16      242.9    33.7 
   256     32      363.5    45.1 
   256     64      600.3    54.6 
   256    128     1073.9    61.0 
   256    256     2048.6    64.0 
   256   1024     7817.4    67.1 
   256   4096    30968.7    67.7 
   512      1       68.6    14.9 
   512      2       91.7    22.3 
   512      4      143.5    28.6 
   512      8      197.8    41.4 
   512     16      350.0    46.8 
   512     32      560.9    58.4 
   512     64      969.7    67.6 
   512    128     1799.3    72.8 
   512    256     3452.2    75.9 
   512   1024    13450.8    78.0 
   512   4096    83250.3    50.4 
  1024      1      123.9    16.5 
  1024      2      170.3    24.1 
  1024      4      199.4    41.1 
  1024      8      320.4    51.1 
  1024     16      563.4    58.2 
  1024     32      939.2    69.8 
  1024     64     1685.5    77.8 
  1024    128     3193.2    82.1 
  1024    256     6211.2    84.4 
  1024   1024    24452.0    85.8 
  1024   4096   189440.3    44.3 
  2048      1      235.3    17.4 
  2048      2      257.7    31.8 
  2048      4      349.2    46.9 
  2048      8      560.3    58.5 
  2048     16      989.4    66.2 
  2048     32     1719.7    76.2 
  2048     64     3148.2    83.3 
  2048    128     6056.8    86.6 
  2048    256    11772.9    89.1 
  2048   1024    80524.1    52.1 
  2048   4096   404261.7    41.5 
  4096      1      385.6    21.2 
  4096      2      484.5    33.8 
  4096      4      674.4    48.6 
  4096      8     1056.9    62.0 
  4096     16     1836.3    71.4 
  4096     32     3228.1    81.2 
  4096     64     6052.8    86.6 
  4096    128    11627.0    90.2 
  4096    256    22819.3    91.9 
  4096   1024   227753.8    36.8 
  4096   4096   921973.5    36.4 
  8192      1      750.5    21.8 
  8192      2      929.3    35.3 
  8192      4     1280.6    51.2 
  8192      8     1994.0    65.7 
  8192     16     3463.1    75.7 
  8192     32     6301.2    83.2 
  8192     64    11731.6    89.4 
  8192    128    22652.7    92.6 
  8192    256    83703.5    50.1 
  8192   1024   421595.5    39.8 
  8192   4096  1935613.6    34.7 
