# gemv eigen-amx-all f64
    16      1       75.8     0.4 
    16      2       77.3     0.8 
    16      4       98.2     1.3 
    16      8      127.5     2.0 
    16     16      186.0     2.8 
    16     32      212.1     4.8 
    16     64      281.3     7.3 
    16    128      413.9     9.9 
    16    256      719.7    11.4 
    16   1024     2523.9    13.0 
    16   4096     9721.1    13.5 
    32      1       71.4     0.9 
    32      2       82.5     1.6 
    32      4      105.2     2.4 
    32      8      128.0     4.0 
    32     16      186.4     5.5 
    32     32      227.2     9.0 
    32     64      298.8    13.7 
    32    128      439.2    18.7 
    32    256      785.4    20.9 
    32   1024     2778.3    23.6 
    32   4096    10756.1    24.4 
    64      1       72.1     1.8 
    64      2       80.7     3.2 
    64      4       98.9     5.2 
    64      8      127.5     8.0 
    64     16      205.9     9.9 
    64     32      264.3    15.5 
    64     64      378.8    21.6 
    64    128      557.0    29.4 
    64    256     1094.2    29.9 
    64   1024     4137.1    31.7 
    64   4096    16352.8    32.1 
    96      1       73.7     2.6 
    96      2       78.6     4.9 
    96      4       94.0     8.2 
    96      8      134.8    11.4 
    96     16      221.4    13.9 
    96     32      285.7    21.5 
    96     64      431.8    28.5 
    96    128      688.4    35.7 
    96    256     1338.0    36.7 
    96   1024     5107.5    38.5 
    96   4096    20357.5    38.6 
   128      1       77.2     3.3 
   128      2       84.3     6.1 
   128      4       99.2    10.3 
   128      8      129.9    15.8 
   128     16      217.1    18.9 
   128     32      309.8    26.4 
   128     64      494.2    33.2 
   128    128      854.5    38.3 
   128    256     1606.9    40.8 
   128   1024     6202.5    42.3 
   128   4096    24437.5    42.9 
   192      1       75.1     5.1 
   192      2       80.9     9.5 
   192      4       94.6    16.2 
   192      8      130.0    23.6 
   192     16      228.3    26.9 
   192     32      329.5    37.3 
   192     64      533.2    46.1 
   192    128      926.7    53.0 
   192    256     1775.8    55.4 
   192   1024     6885.5    57.1 
   192   4096    27141.1    58.0 
   256      1       74.2     6.9 
   256      2       80.4    12.7 
   256      4       98.3    20.8 
   256      8      138.2    29.6 
   256     16      245.1    33.4 
   256     32      366.0    44.8 
   256     64      597.0    54.9 
   256    128     1073.5    61.0 
   256    256     2049.3    64.0 
   256   1024     7816.7    67.1 
   256   4096    31048.3    67.5 
   512      1       82.2    12.5 
   512      2       86.3    23.7 
   512      4      119.3    34.3 
   512      8      195.2    42.0 
   512     16      351.4    46.6 
   512     32      558.5    58.7 
   512     64      967.6    67.7 
   512    128     1792.5    73.1 
   512    256     3453.8    75.9 
   512   1024    13484.1    77.8 
   512   4096    86641.4    48.4 
  1024      1      112.2    18.2 
  1024      2      142.3    28.8 
  1024      4      195.8    41.8 
  1024      8      316.8    51.7 
  1024     16      564.1    58.1 
  1024     32      946.5    69.2 
  1024     64     1689.2    77.6 
  1024    128     3193.2    82.1 
  1024    256     6218.0    84.3 
  1024   1024    24631.7    85.1 
  1024   4096   181588.6    46.2 
  2048      1      204.8    20.0 
  2048      2      258.2    31.7 
  2048      4      352.1    46.5 
  2048      8      560.7    58.4 
  2048     16      986.5    66.4 
  2048     32     1709.7    76.7 
  2048     64     3174.5    82.6 
  2048    128     6035.1    86.9 
  2048    256    11770.5    89.1 
  2048   1024    82663.4    50.7 
  2048   4096   422033.0    39.8 
  4096      1      383.5    21.4 
  4096      2      480.6    34.1 
  4096      4      671.4    48.8 
  4096      8     1057.1    62.0 
  4096     16     1828.3    71.7 
  4096     32     3245.9    80.8 
  4096     64     6011.3    87.2 
  4096    128    11591.9    90.5 
  4096    256    22808.4    91.9 
  4096   1024   215585.1    38.9 
  4096   4096   896112.3    37.4 
  8192      1      762.2    21.5 
  8192      2      937.2    35.0 
  8192      4     1288.2    50.9 
  8192      8     2041.3    64.2 
  8192     16     3494.6    75.0 
  8192     32     6271.2    83.6 
  8192     64    11731.3    89.4 
  8192    128    22792.9    92.0 
  8192    256    83463.4    50.3 
  8192   1024   420282.1    39.9 
  8192   4096  1952382.6    34.4 
