# gemv eigen-amx-all f32
    16      1       75.0     0.4 
    16      2       85.5     0.7 
    16      4       91.3     1.4 
    16      8      114.4     2.2 
    16     16      148.5     3.4 
    16     32      169.0     6.1 
    16     64      236.7     8.7 
    16    128      350.8    11.7 
    16    256      634.2    12.9 
    16   1024     2321.3    14.1 
    16   4096     8873.2    14.8 
    32      1       73.3     0.9 
    32      2       78.2     1.6 
    32      4       86.7     3.0 
    32      8      106.3     4.8 
    32     16      148.8     6.9 
    32     32      171.3    12.0 
    32     64      245.1    16.7 
    32    128      375.9    21.8 
    32    256      666.1    24.6 
    32   1024     2403.7    27.3 
    32   4096     9347.1    28.0 
    64      1       73.5     1.7 
    64      2       82.8     3.1 
    64      4       85.8     6.0 
    64      8      108.2     9.5 
    64     16      153.0    13.4 
    64     32      189.9    21.6 
    64     64      260.9    31.4 
    64    128      420.1    39.0 
    64    256      732.7    44.7 
    64   1024     2668.8    49.1 
    64   4096    10415.8    50.3 
    96      1       74.7     2.6 
    96      2       81.0     4.7 
    96      4       87.2     8.8 
    96      8      114.4    13.4 
    96     16      161.8    19.0 
    96     32      203.0    30.3 
    96     64      302.1    40.7 
    96    128      481.1    51.1 
    96    256      868.9    56.6 
    96   1024     3187.0    61.7 
    96   4096    12097.7    65.0 
   128      1       72.5     3.5 
   128      2       80.3     6.4 
   128      4       87.0    11.8 
   128      8      107.6    19.0 
   128     16      169.7    24.1 
   128     32      229.5    35.7 
   128     64      347.5    47.1 
   128    128      545.6    60.1 
   128    256     1049.2    62.5 
   128   1024     4009.4    65.4 
   128   4096    15720.2    66.7 
   192      1       72.5     5.3 
   192      2       80.3     9.6 
   192      4       84.8    18.1 
   192      8      112.8    27.2 
   192     16      185.8    33.1 
   192     32      257.1    47.8 
   192     64      405.1    60.7 
   192    128      690.2    71.2 
   192    256     1294.5    75.9 
   192   1024     4957.6    79.3 
   192   4096    19627.5    80.1 
   256      1       76.1     6.7 
   256      2       83.3    12.3 
   256      4       85.7    23.9 
   256      8      123.6    33.1 
   256     16      201.4    40.7 
   256     32      288.0    56.9 
   256     64      472.2    69.4 
   256    128      827.0    79.2 
   256    256     1559.7    84.0 
   256   1024     6006.7    87.3 
   256   4096    23822.8    88.0 
   512      1       79.3    12.9 
   512      2       87.0    23.5 
   512      4       89.3    45.9 
   512      8      121.1    67.7 
   512     16      208.5    78.6 
   512     32      329.2    99.5 
   512     64      560.1   117.0 
   512    128     1031.2   127.1 
   512    256     1976.3   132.6 
   512   1024     7658.5   136.9 
   512   4096    30493.8   137.5 
  1024      1       82.4    24.9 
  1024      2       91.7    44.6 
  1024      4      108.9    75.2 
  1024      8      174.4    94.0 
  1024     16      313.7   104.4 
  1024     32      534.3   122.7 
  1024     64      931.0   140.8 
  1024    128     1756.0   149.3 
  1024    256     3398.0   154.3 
  1024   1024    13374.2   156.8 
  1024   4096    84998.8    98.7 
  2048      1      118.6    34.6 
  2048      2      143.6    57.0 
  2048      4      189.2    86.6 
  2048      8      300.3   109.1 
  2048     16      526.8   124.4 
  2048     32      902.1   145.3 
  2048     64     1657.8   158.1 
  2048    128     3140.5   166.9 
  2048    256     6149.5   170.5 
  2048   1024    24538.8   170.9 
  2048   4096   187352.0    89.5 
  4096      1      204.2    40.1 
  4096      2      255.7    64.1 
  4096      4      340.0    96.4 
  4096      8      537.3   122.0 
  4096     16      948.5   138.2 
  4096     32     1674.7   156.5 
  4096     64     3114.9   168.3 
  4096    128     5962.5   175.9 
  4096    256    11656.0   179.9 
  4096   1024    83153.7   100.9 
  4096   4096   401552.5    83.6 
  8192      1      387.4    42.3 
  8192      2      489.0    67.0 
  8192      4      648.2   101.1 
  8192      8     1016.3   129.0 
  8192     16     1775.1   147.7 
  8192     32     3163.4   165.7 
  8192     64     6014.6   174.3 
  8192    128    11535.6   181.8 
  8192    256    22820.2   183.8 
  8192   1024   214200.4    78.3 
  8192   4096   890556.1    75.4 
