# gemv neon f32
    16      1       22.3     1.4 
    16      2       22.2     2.9 
    16      4       22.7     5.6 
    16      8       23.3    11.0 
    16     16       25.6    20.0 
    16     32       28.1    36.5 
    16     64       54.9    37.3 
    16    128       89.8    45.6 
    16    256      161.4    50.7 
    16   1024      592.5    55.3 
    16   4096     3028.4    43.3 
    32      1       22.4     2.9 
    32      2       22.9     5.6 
    32      4       23.8    10.7 
    32      8       25.8    19.8 
    32     16       27.4    37.4 
    32     32       39.7    51.6 
    32     64       68.6    59.7 
    32    128      133.1    61.5 
    32    256      251.8    65.1 
    32   1024     1042.9    62.8 
    32   4096     5501.0    47.7 
    64      1       23.6     5.4 
    64      2       24.7    10.4 
    64      4       26.8    19.1 
    64      8       28.1    36.5 
    64     16       41.5    49.3 
    64     32       70.7    57.9 
    64     64      125.7    65.2 
    64    128      246.3    66.5 
    64    256      479.6    68.3 
    64   1024     2952.1    44.4 
    64   4096    11773.2    44.5 
    96      1       24.4     7.9 
    96      2       25.5    15.1 
    96      4       27.4    28.0 
    96      8       36.5    42.1 
    96     16       57.4    53.5 
    96     32       95.9    64.1 
    96     64      177.8    69.1 
    96    128      343.8    71.5 
    96    256      673.1    73.0 
    96   1024     4565.5    43.1 
    96   4096    18240.3    43.1 
   128      1       25.7    10.0 
   128      2       27.0    19.0 
   128      4       29.4    34.8 
   128      8       44.8    45.7 
   128     16       71.9    56.9 
   128     32      123.8    66.2 
   128     64      232.0    70.6 
   128    128      470.8    69.6 
   128    256      953.7    68.7 
   128   1024     6310.5    41.5 
   128   4096    25286.2    41.5 
   192      1       27.9    13.8 
   192      2       29.4    26.1 
   192      4       39.4    39.0 
   192      8       59.3    51.8 
   192     16       98.6    62.3 
   192     32      177.6    69.2 
   192     64      338.4    72.6 
   192    128      687.5    71.5 
   192    256     2198.0    44.7 
   192   1024     9437.2    41.7 
   192   4096    37894.3    41.5 
   256      1       30.1    17.0 
   256      2       34.6    29.6 
   256      4       47.5    43.1 
   256      8       73.7    55.6 
   256     16      126.6    64.7 
   256     32      230.7    71.0 
   256     64      445.3    73.6 
   256    128      980.4    66.8 
   256    256     2819.9    46.5 
   256   1024    11559.0    45.4 
   256   4096    47943.4    43.7 
   512      1       44.0    23.3 
   512      2       54.0    37.9 
   512      4       80.4    50.9 
   512      8      132.6    61.8 
   512     16      236.6    69.3 
   512     32      459.8    71.3 
   512     64      985.3    66.5 
   512    128     2735.3    47.9 
   512    256     5449.4    48.1 
   512   1024    22118.6    47.4 
   512   4096    90265.6    46.5 
  1024      1       71.5    28.6 
  1024      2       92.9    44.1 
  1024      4      144.9    56.5 
  1024      8      249.3    65.7 
  1024     16      488.2    67.1 
  1024     32     1213.5    54.0 
  1024     64     4000.0    32.8 
  1024    128     5499.2    47.7 
  1024    256    10885.6    48.2 
  1024   1024    43388.0    48.3 
  1024   4096   195561.9    42.9 
  2048      1      126.8    32.3 
  2048      2      171.4    47.8 
  2048      4      273.8    59.8 
  2048      8      481.9    68.0 
  2048     16     1138.3    57.6 
  2048     32     4233.0    31.0 
  2048     64     8617.5    30.4 
  2048    128    11833.6    44.3 
  2048    256    23470.1    44.7 
  2048   1024    94178.2    44.5 
  2048   4096   538577.8    31.2 
  4096      1      236.6    34.6 
  4096      2      326.7    50.2 
  4096      4      532.9    61.5 
  4096      8     1224.9    53.5 
  4096     16     4379.3    29.9 
  4096     32     9432.4    27.8 
  4096     64    18758.8    27.9 
  4096    128    37339.9    28.1 
  4096    256    74877.8    28.0 
  4096   1024   298513.7    28.1 
  4096   4096  1237644.6    27.1 
  8192      1      456.0    35.9 
  8192      2      638.7    51.3 
  8192      4     1562.4    41.9 
  8192      8     3175.6    41.3 
  8192     16     9101.4    28.8 
  8192     32    18590.3    28.2 
  8192     64    36182.4    29.0 
  8192    128    74300.6    28.2 
  8192    256   151045.4    27.8 
  8192   1024   609542.9    27.5 
  8192   4096  2608291.8    25.7 
