# paper col eigen-amx f32 beta=1 threads=1 units=2
 1    64  2112  7168    925  err/sqrtK=0.0e+00
 2    64 24576  1536   1083  err/sqrtK=0.0e+00
 3    64 32768   512   1037  err/sqrtK=0.0e+00
 4    64  7168 16384    943  err/sqrtK=0.0e+00
 5    64  4096  7168    966  err/sqrtK=0.0e+00
 6    64  7168  2048    976  err/sqrtK=0.0e+00
 7   128  2112  7168   1215  err/sqrtK=0.0e+00
 8   128 24576  1536   1343  err/sqrtK=0.0e+00
 9   128 32768   512   1304  err/sqrtK=0.0e+00
10   128  7168 16384   1215  err/sqrtK=0.0e+00
11   128  4096  7168   1228  err/sqrtK=0.0e+00
12   128  7168  2048   1255  err/sqrtK=0.0e+00
13  4096  2112  7168   1611  err/sqrtK=0.0e+00
14  4096 24576  1536   1628  err/sqrtK=0.0e+00
15  4096 32768   512   1542  err/sqrtK=0.0e+00
16  4096  7168 16384   1646  err/sqrtK=0.0e+00
17  4096  4096  7168   1660  err/sqrtK=0.0e+00
18  4096  7168  2048   1657  err/sqrtK=0.0e+00
19  4096   256  4096   1282  err/sqrtK=0.0e+00
20 11008   256  4096   1334  err/sqrtK=0.0e+00
21  4096   256 11008   1304  err/sqrtK=0.0e+00
22  5120   256  5120   1295  err/sqrtK=0.0e+00
23 13824   256  5120   1329  err/sqrtK=0.0e+00
24  5120   256 13824   1292  err/sqrtK=0.0e+00
