# paper col eigen-amx-mt f32 beta=1 threads=12 units=2
 1    64  2112  7168   1842  err/sqrtK=0.0e+00
 2    64 24576  1536   2051  err/sqrtK=0.0e+00
 3    64 32768   512   1865  err/sqrtK=0.0e+00
 4    64  7168 16384   1832  err/sqrtK=0.0e+00
 5    64  4096  7168   1849  err/sqrtK=0.0e+00
 6    64  7168  2048   1914  err/sqrtK=0.0e+00
 7   128  2112  7168   2350  err/sqrtK=0.0e+00
 8   128 24576  1536   2578  err/sqrtK=0.0e+00
 9   128 32768   512   2425  err/sqrtK=0.0e+00
10   128  7168 16384   2406  err/sqrtK=0.0e+00
11   128  4096  7168   2415  err/sqrtK=0.0e+00
12   128  7168  2048   2473  err/sqrtK=0.0e+00
13  4096  2112  7168   3183  err/sqrtK=0.0e+00
14  4096 24576  1536   3261  err/sqrtK=0.0e+00
15  4096 32768   512   3077  err/sqrtK=0.0e+00
16  4096  7168 16384   3323  err/sqrtK=0.0e+00
17  4096  4096  7168   3254  err/sqrtK=0.0e+00
18  4096  7168  2048   3307  err/sqrtK=0.0e+00
19  4096   256  4096   2495  err/sqrtK=0.0e+00
20 11008   256  4096   2648  err/sqrtK=0.0e+00
21  4096   256 11008   2507  err/sqrtK=0.0e+00
22  5120   256  5120   2550  err/sqrtK=0.0e+00
23 13824   256  5120   2673  err/sqrtK=0.0e+00
24  5120   256 13824   2528  err/sqrtK=0.0e+00
